0 0.0114296103184
1 0.00553245615479
2 0.00349049162612
3 0.00212030089687
4 0.00134915939198
5 0.00108727243248
6 0.00079169637273
7 0.000518499887662
8 0.000388281132927
9 0.00043923897264
10 0.000241718517637
11 0.00020134875326
12 0.000238635842937
13 0.000163200496904
14 0.00011853779277
15 0.000140888847917
16 7.8672409931e-05
17 8.99499916962e-05
18 8.54667360911e-05
19 2.53996340425e-05
20 2.56808235335e-05
21 4.69957026773e-05
22 2.7337814354e-05
23 6.59515068425e-05
24 4.27817624329e-05
25 1.62463418298e-05
26 5.28996478537e-05
27 4.57554898507e-05
28 1.13583171438e-05
29 3.17877712434e-05
30 4.09268613464e-05
31 -2.30679512174e-05
32 3.47783387617e-06
33 2.67141976657e-05
34 1.97216689198e-05
35 -1.23796268424e-05
36 -5.69105372671e-06
37 -8.48875713246e-07
38 1.27774745631e-06
39 3.15348083457e-06
40 1.80816310176e-05
41 1.50971094239e-06
42 9.51645614105e-06
43 3.91910176799e-05
44 9.84866133989e-06
45 4.29915818865e-06
46 3.62334723449e-05
47 4.81379424906e-06
48 -7.75826938128e-06
49 -1.71997862605e-05
50 0.00229853218477
51 0.00250921477309
52 0.00198723647071
53 0.00156047405484
54 0.00112586545551
55 0.000836782277495
56 0.000679802814456
57 0.000517900939064
58 0.000440445434458
59 0.0003412425905
60 0.000262575102549
61 0.000205771939264
62 0.000206484250371
63 0.000120104881833
64 8.97008910921e-05
65 0.00012162153322
66 9.48300682102e-05
67 9.35679080614e-05
68 8.45731540377e-05
69 4.76467522379e-05
70 4.66402831395e-05
71 4.18989674151e-05
72 5.00796180959e-05
73 5.44966005694e-05
74 4.52394278655e-05
75 2.98775292916e-05
76 3.26369777362e-05
77 2.09567182227e-05
78 -2.71525645818e-06
79 9.06645913809e-06
80 1.05202547531e-05
81 1.32257735323e-05
82 2.77578344655e-05
83 1.32284427206e-05
84 1.09831766323e-05
85 2.43665113841e-07
86 3.3615684692e-06
87 -1.37124489698e-05
88 1.11280587506e-05
89 1.26420357612e-05
90 1.31244076031e-05
91 -1.01510623692e-05
92 2.48076116892e-05
93 2.72804900808e-05
94 -9.87480524323e-06
95 3.0108508256e-06
96 1.63645343888e-05
97 2.35126038718e-05
98 -2.58383216142e-06
99 -1.98655250753e-05
100 0.000128410257733
101 0.000586118061589
102 0.00078416879219
103 0.000879307192116
104 0.00073537564735
105 0.000601464495394
106 0.000542221482009
107 0.000393626712478
108 0.000377960592995
109 0.000280474134381
110 0.000240343249995
111 0.000205697959403
112 0.000198004177482
113 0.000107595584206
114 9.41799200551e-05
115 8.68268583721e-05
116 7.05461818727e-05
117 6.13067360689e-05
118 6.91659496331e-05
119 4.38613335139e-05
120 4.62491611198e-05
121 5.69408477132e-05
122 4.62483283931e-05
123 2.47600465625e-05
124 3.90592682944e-05
125 3.05499307579e-05
126 1.89158030989e-05
127 5.37420052269e-05
128 8.273559021e-06
129 4.93468257906e-05
130 4.17730698603e-05
131 -2.26609983447e-05
132 2.49114815526e-05
133 1.75292661903e-05
134 -6.64762938913e-06
135 -3.93192579272e-06
136 -1.30042477828e-05
137 -8.21103010013e-07
138 3.50407557079e-05
139 3.15060027159e-05
140 -8.33123989675e-06
141 1.96945548472e-06
142 2.49175176552e-05
143 -7.66308689363e-06
144 -2.53523702648e-06
145 -7.10625853696e-06
146 1.33805830535e-05
147 1.33049287533e-05
148 2.74836148766e-05
149 -1.26462869564e-06
150 -0.000360473448946
151 -1.42159410495e-05
152 0.000156334984457
153 0.000384545488123
154 0.000391664429261
155 0.000356532575097
156 0.000349903891013
157 0.000272016789949
158 0.000309648305344
159 0.000207126012397
160 0.000197832830644
161 0.000143681204225
162 0.000105354762446
163 0.000103498507888
164 9.89848941014e-05
165 5.43087465613e-05
166 9.19022462574e-05
167 2.69269077924e-05
168 5.38752445904e-05
169 5.84627993142e-05
170 5.40597236319e-05
171 4.25845695607e-05
172 1.6251992924e-05
173 2.68092684574e-05
174 5.10063194426e-05
175 2.57844340579e-05
176 3.64066078581e-05
177 2.27826064706e-05
178 -2.3203829458e-06
179 3.43211477478e-05
180 5.04139381544e-05
181 1.55245688898e-05
182 1.74262048699e-05
183 4.50397177536e-05
184 1.49932199054e-05
185 1.50299380335e-05
186 -2.24091068615e-05
187 -7.27679163447e-07
188 2.48988518875e-05
189 2.51384249855e-05
190 -2.24786743399e-05
191 5.33581758949e-06
192 3.09720930063e-06
193 1.52603377633e-05
194 3.95383067281e-07
195 -2.42560630901e-05
196 -5.14470078865e-06
197 3.00613113741e-06
198 8.37691224061e-06
199 2.60933274494e-05
200 -0.000469270919016
201 -0.000156631053126
202 -1.80452359605e-05
203 2.73012984821e-05
204 0.000158392236311
205 0.000171642636574
206 0.000130925881696
207 0.000140775714568
208 0.00021254362334
209 0.000153493101538
210 0.000115222109157
211 0.000102994959198
212 5.73488969017e-05
213 8.30250489638e-05
214 7.61582964256e-05
215 3.51238573191e-05
216 9.25767393932e-05
217 3.60614400202e-05
218 1.97014029816e-05
219 4.30934933648e-05
220 6.50628395461e-05
221 5.48400853856e-05
222 6.29355904901e-06
223 2.99958446072e-05
224 5.15245696967e-05
225 3.61139394628e-05
226 3.54949352589e-05
227 1.69342935961e-05
228 2.79593295579e-06
229 2.96177170273e-05
230 1.98189754847e-05
231 2.30262347221e-05
232 1.94870845567e-05
233 2.07476867149e-06
234 3.90769456108e-05
235 1.56920335242e-05
236 -1.121568737e-05
237 -2.07358874379e-05
238 9.73296208504e-06
239 -4.64557616849e-06
240 -7.00884071393e-06
241 -6.50175030928e-06
242 -1.12827872e-06
243 -1.56011043884e-05
244 2.35079413141e-05
245 4.20653655034e-08
246 -3.41848336872e-06
247 1.21341843148e-05
248 1.04907424113e-05
249 4.89446587041e-06
250 -0.000314385026809
251 -0.000157355475004
252 -0.000134551537867
253 -0.000131394531701
254 -1.17422707366e-05
255 2.99566016501e-05
256 3.64589346441e-05
257 5.81802050015e-05
258 0.00010480576824
259 8.93039777283e-05
260 7.79461578323e-05
261 9.10738679039e-05
262 7.86747906972e-05
263 9.03459369368e-05
264 0.000103961627869
265 2.72365397631e-05
266 5.21067395544e-05
267 3.21018670704e-05
268 7.70756925841e-06
269 2.51923608284e-05
270 1.41875204329e-05
271 5.21679459726e-05
272 2.15482707454e-05
273 1.85090769931e-05
274 1.15974457793e-05
275 4.3024004491e-05
276 3.4043624517e-05
277 2.46960638834e-05
278 -9.40451205778e-06
279 1.36685653565e-05
280 1.09848235005e-05
281 2.27971378753e-05
282 1.8608163832e-07
283 -2.51968490533e-06
284 2.48819206056e-05
285 7.26231441722e-06
286 3.07826352483e-06
287 3.90736214109e-06
288 7.22100593741e-06
289 9.88486170821e-06
290 -1.32722877908e-05
291 -1.07314320252e-05
292 1.6454655968e-06
293 -3.43694443723e-05
294 2.10794253818e-07
295 -1.46637380995e-05
296 -1.85408453617e-06
297 2.03244655368e-05
298 -1.70626886441e-05
299 1.38140042992e-05
300 -0.000468034281125
301 -0.000350012357412
302 -0.000225913883518
303 -0.000161569734712
304 -0.000151020063037
305 -7.90184067547e-05
306 -3.57526349054e-05
307 1.07660784867e-06
308 2.48905617403e-05
309 3.96155860812e-05
310 1.59274517435e-05
311 8.31245616297e-05
312 3.22126763146e-05
313 9.70791250468e-06
314 9.56556164403e-07
315 4.36681508314e-05
316 2.98964952587e-05
317 1.68374233414e-05
318 4.38220374266e-06
319 -1.0061606678e-06
320 4.69531263987e-06
321 3.67999681983e-05
322 4.48490798351e-05
323 3.11643405694e-05
324 2.68444378851e-05
325 3.20899910764e-05
326 2.78803845484e-05
327 5.2723643838e-05
328 6.03732055919e-06
329 2.90798010188e-05
330 2.0660156e-05
331 -1.61594436982e-06
332 5.08158798164e-06
333 1.49113032616e-05
334 1.77844579029e-05
335 1.54350057151e-06
336 1.59255869192e-05
337 4.24180446442e-06
338 6.73445531757e-07
339 4.34577879887e-07
340 -2.27743560555e-05
341 2.54303786959e-05
342 1.55563636231e-05
343 -2.80861022032e-05
344 -7.25710540404e-06
345 -1.54248148803e-05
346 9.62925033271e-06
347 1.73214174629e-05
348 -1.46991851345e-05
349 8.88825045527e-06
350 -0.000475847387716
351 -0.000492854346469
352 -0.000349890804789
353 -0.000285595380016
354 -0.000196307631775
355 -0.000193406611123
356 -3.52496771464e-05
357 -6.02198566642e-05
358 -1.66182720736e-08
359 -1.99977053245e-05
360 -2.37074893051e-05
361 5.26705109788e-05
362 4.09488163413e-05
363 -6.02704301759e-06
364 -4.76716849551e-06
365 1.45928819852e-05
366 5.05348782567e-05
367 8.31021270451e-06
368 3.41036238569e-05
369 2.05332133584e-05
370 2.99009929737e-05
371 1.95119437524e-05
372 1.22501793207e-05
373 1.88557861654e-06
374 3.57669592752e-05
375 -9.63477276462e-07
376 3.17296999619e-05
377 3.22837643725e-05
378 1.94180813637e-06
379 3.52414704959e-05
380 2.93732009042e-05
381 8.23609810839e-06
382 2.16325455492e-05
383 -2.53204178809e-05
384 6.93701220658e-06
385 6.31711714266e-06
386 7.69574703828e-06
387 -7.32642881682e-06
388 -5.90487898866e-06
389 1.50768902576e-05
390 -5.50583991821e-06
391 -5.40056990686e-06
392 4.56218400644e-06
393 -9.84274614261e-06
394 -1.20160773272e-05
395 1.18575689209e-05
396 -6.11080983279e-06
397 2.10327332625e-05
398 -6.87120210428e-06
399 -1.50818771677e-05
400 -0.000717479753994
401 -0.000510508356621
402 -0.000425425055052
403 -0.000255166138641
404 -0.000233908072405
405 -0.000183587833546
406 -0.000133917128774
407 -8.5833263534e-05
408 -2.32174606443e-05
409 -5.87592991569e-05
410 -3.25808102581e-05
411 -1.14702167508e-05
412 1.93774784787e-05
413 -1.900283404e-05
414 2.35166970891e-05
415 1.85632363706e-05
416 1.14282012514e-05
417 9.14888955544e-06
418 -1.14353796197e-05
419 2.93392241024e-05
420 1.54967855763e-05
421 3.51018451527e-05
422 2.6483133514e-05
423 1.65910830695e-06
424 2.51167185964e-05
425 1.09026753282e-05
426 7.87054649262e-06
427 1.73249680182e-05
428 4.93509009658e-06
429 3.59885318416e-05
430 1.70219590343e-05
431 2.01199877062e-05
432 1.87777364276e-05
433 -2.82260221898e-06
434 1.495854051e-05
435 2.20440119402e-05
436 -2.83504400559e-06
437 7.53230510484e-06
438 -2.9648121269e-06
439 8.52177745552e-06
440 -3.79290704044e-05
441 -7.6953523814e-06
442 8.96516381367e-06
443 -1.25141800573e-05
444 -1.28313282431e-05
445 2.45426739417e-05
446 -1.63021882171e-05
447 3.21401285177e-05
448 1.02450386482e-05
449 3.76012754284e-06
450 -0.00070683206698
451 -0.000569902338125
452 -0.000369818486141
453 -0.000335915108424
454 -0.000275565048148
455 -0.00018954102068
456 -0.000216700030636
457 -0.000130898257058
458 -7.93185582933e-05
459 -5.4643417332e-05
460 -7.39576725571e-05
461 -3.07151448923e-05
462 -4.82211907116e-05
463 -1.82485730021e-05
464 2.79467698376e-05
465 -2.12971005854e-06
466 -1.3587797354e-05
467 9.25863829762e-06
468 -3.34785122994e-05
469 1.46151969497e-05
470 9.44466033023e-07
471 1.52549399546e-05
472 2.62474197684e-06
473 3.09059698661e-05
474 1.64890555555e-05
475 2.13774435137e-05
476 2.14604955847e-05
477 -5.32382794815e-07
478 1.41635799773e-05
479 7.75212531475e-06
480 -1.20330745909e-06
481 2.41475709916e-05
482 1.16746814801e-05
483 4.26446790517e-06
484 1.47829387183e-05
485 1.00450362565e-05
486 -9.13141866724e-06
487 2.63957510654e-06
488 1.87999502726e-06
489 1.12982263011e-05
490 2.53278856552e-07
491 -4.16872442892e-06
492 -2.20770316369e-06
493 -1.9865686449e-05
494 1.12119128323e-05
495 -1.06559690181e-06
496 5.99126385847e-06
497 -8.12949538509e-06
498 3.69090381262e-06
499 -8.02636352051e-06
500 -0.000543685912214
501 -0.000622152000869
502 -0.00031808984093
503 -0.000382519670845
504 -0.000289625446215
505 -0.000225408194695
506 -0.000231702592766
507 -0.00011361501431
508 -5.09003293491e-05
509 -5.89323713423e-05
510 -6.12444420687e-05
511 -5.41988451972e-05
512 -2.45498807684e-05
513 -1.72051298939e-05
514 1.22895693675e-06
515 -2.31885262697e-05
516 -3.57721889856e-05
517 1.02207904763e-05
518 -2.50447749005e-05
519 1.21331050756e-05
520 -1.59782804114e-05
521 7.47467904431e-06
522 1.25300840424e-05
523 4.4563558216e-06
524 3.50884395771e-05
525 1.52622218718e-05
526 3.03553214841e-05
527 1.6364018907e-05
528 4.42045276128e-07
529 -9.66625979487e-06
530 -6.72250185106e-06
531 1.16937119995e-05
532 2.32102311368e-05
533 -1.03066049576e-05
534 -4.06240441387e-06
535 -1.00437156289e-05
536 -2.00405573011e-05
537 -1.25083926625e-05
538 -1.57406199917e-06
539 8.81134003475e-07
540 5.60197662587e-06
541 -2.12880918901e-05
542 -1.64820970655e-05
543 -1.00937983349e-06
544 -1.79593273966e-05
545 -1.98493500963e-05
546 2.27021354967e-06
547 -1.48615655758e-05
548 9.3688937587e-06
549 6.2883761988e-06
550 -0.000616975060978
551 -0.000543063892186
552 -0.00029175167478
553 -0.000334688510058
554 -0.000222779791702
555 -0.000228409265055
556 -0.000174656352907
557 -0.000131825494428
558 -9.76987954487e-05
559 -7.81112492829e-05
560 -4.89694256837e-05
561 -4.52279030227e-05
562 -2.56064541925e-05
563 -2.47183065886e-05
564 -4.37185658033e-05
565 -1.78745753572e-05
566 -4.33966848351e-05
567 -3.38589588325e-05
568 -1.93991040306e-05
569 -2.48353180057e-05
570 -2.28686281761e-05
571 -6.08761505249e-06
572 9.38008394645e-06
573 1.40643218228e-05
574 2.18635629405e-05
575 5.75037818649e-06
576 1.61603516647e-05
577 -2.6904526199e-06
578 -8.95871334822e-06
579 9.366103727e-07
580 9.37727465342e-06
581 -1.18759754012e-05
582 2.27591734141e-05
583 1.34034276568e-05
584 -1.19407922022e-05
585 -1.91579047343e-05
586 -8.12509744606e-06
587 1.89203990268e-07
588 1.36864726473e-05
589 1.14766729419e-05
590 -1.44946002467e-05
591 -5.07548090843e-06
592 -2.98025038793e-05
593 2.04956338989e-05
594 -2.52783394008e-06
595 -1.32261901047e-05
596 -8.00769128297e-06
597 1.47229779571e-05
598 4.83428438967e-06
599 9.36235521174e-06
600 -0.000493639419407
601 -0.000573071487725
602 -0.000247117850376
603 -0.000297732728331
604 -0.000226353513108
605 -0.000225137468009
606 -0.000146331671706
607 -0.00013010840935
608 -0.000100016382472
609 -0.000112866446641
610 -7.75538329926e-05
611 -0.000102762182356
612 -4.18223139578e-05
613 -2.82860380029e-05
614 -8.09386728651e-05
615 -2.85521726062e-05
616 -7.00262729256e-06
617 -3.22800017572e-05
618 -1.44084432662e-05
619 3.7581623884e-06
620 -2.23354518765e-05
621 1.31066308944e-05
622 5.44696342367e-06
623 1.36627716275e-05
624 -4.39510603664e-06
625 1.34541479493e-05
626 1.84536142602e-05
627 2.49447772534e-06
628 1.06469728992e-05
629 1.58118149818e-05
630 3.61336362807e-05
631 -9.21966441929e-06
632 4.06933714047e-06
633 1.11367931071e-05
634 -8.25700019858e-06
635 -9.59135186018e-06
636 -9.68878919273e-07
637 -1.2921430161e-05
638 -3.68979765535e-06
639 7.9393259706e-07
640 -9.25254535625e-06
641 1.34770500533e-05
642 2.36297729765e-06
643 1.397652222e-05
644 5.6524294639e-06
645 -2.89761126894e-06
646 2.42755060252e-06
647 1.26495331231e-05
648 1.4827368215e-05
649 -6.40391933583e-07
650 -0.000156766528823
651 -0.000467042033462
652 -0.00027600483995
653 -0.000226187245547
654 -0.000165447144511
655 -0.000154064797322
656 -0.000153867937883
657 -0.000138479368044
658 -0.00012505494196
659 -0.000107235199131
660 -9.38582950829e-05
661 -0.000110978907485
662 -6.0396544613e-05
663 -7.8810510267e-05
664 -2.23316124503e-06
665 -6.47708627108e-05
666 3.54324993629e-06
667 -5.23242558114e-05
668 -8.50292076201e-06
669 -1.01751509875e-05
670 9.93563685656e-06
671 -1.89489334275e-05
672 -8.11646361811e-06
673 3.11116643747e-06
674 -1.33972253764e-05
675 8.56774737322e-06
676 2.15629404074e-05
677 -1.58535331159e-05
678 -2.14315587227e-05
679 1.77657801248e-05
680 8.34593244147e-06
681 -1.2473367159e-05
682 -2.61222623831e-05
683 -2.42660815122e-05
684 -1.8669883047e-06
685 -2.21335598224e-05
686 -5.4912678485e-06
687 8.64531096447e-06
688 8.35680326057e-06
689 -1.42006431443e-05
690 3.00613801319e-06
691 -1.77154162249e-05
692 -2.86102810646e-06
693 9.51190650482e-06
694 2.52519066907e-07
695 -1.70081952561e-06
696 8.42035610555e-06
697 -6.71933585123e-06
698 -5.56929330744e-06
699 1.22565627665e-05
700 -9.99933610539e-05
701 -0.000130380638549
702 -0.000202739907318
703 -0.000193096222685
704 -0.000123393905399
705 -0.000116014069079
706 -0.000155150013058
707 -0.000138903837556
708 -7.87242043532e-05
709 -4.95642958723e-05
710 -9.97311523264e-05
711 -0.000141532907705
712 -1.46831924415e-05
713 -4.41456321268e-05
714 -3.27841010318e-06
715 -2.17257230351e-05
716 4.01184468077e-05
717 -3.20143214028e-05
718 -2.68834265751e-05
719 -3.62975540879e-05
720 3.83939023188e-06
721 -1.54405041015e-05
722 1.39081267367e-05
723 3.20005728638e-05
724 1.9765789398e-05
725 2.64471319621e-05
726 -1.19958101506e-05
727 -1.09300143185e-05
728 2.01071061534e-06
729 2.50055359509e-05
730 -6.84255393435e-06
731 1.21350756585e-05
732 -6.96746244176e-06
733 -3.32670913244e-05
734 -2.71374487348e-05
735 -1.77591998767e-05
736 1.54702378592e-07
737 -3.88565383031e-06
738 2.07110086787e-05
739 1.30893509205e-05
740 7.01543502936e-06
741 -8.05459185063e-06
742 -7.27763265902e-06
743 1.4462065064e-05
744 -3.82626543619e-06
745 3.23309924858e-06
746 7.3391053102e-06
747 8.50175559865e-06
748 -1.14908815159e-05
749 2.07526215683e-05
750 -0.000163348489161
751 -0.000192063688336
752 -0.000101253109347
753 -0.000134791215804
754 -0.000149127259636
755 -0.000160657947707
756 -0.000122187753316
757 -0.000127566134523
758 -7.21562077795e-05
759 -7.23766195508e-05
760 -0.000109512409453
761 -7.98797558278e-05
762 -5.66659192411e-05
763 -5.76661176078e-05
764 -4.85262486218e-06
765 -2.76952390177e-05
766 -1.05109714899e-05
767 -1.94488394655e-05
768 -4.03748935809e-05
769 -2.47213613635e-05
770 -9.6376154239e-06
771 -1.6343320379e-05
772 -1.84474165575e-05
773 3.28676209713e-05
774 -5.82737035552e-06
775 2.35104564207e-05
776 -1.47721076521e-05
777 -3.58231471319e-05
778 4.26093156918e-06
779 9.95818002608e-06
780 1.3904688013e-05
781 2.0550587005e-05
782 -2.34804449621e-05
783 -2.27090025072e-05
784 1.20804490696e-05
785 -8.51648563309e-07
786 1.30324169125e-05
787 -3.12000812745e-06
788 2.21030160683e-05
789 1.46555870028e-05
790 4.81740035634e-06
791 6.89537229012e-06
792 -1.2466956051e-05
793 1.43457604194e-05
794 -2.82264604344e-05
795 -6.96678551404e-07
796 -1.87561462582e-06
797 2.04805742496e-06
798 -8.25634959801e-06
799 9.09681522176e-06
800 -0.000342860833377
801 -0.000284128413881
802 -5.21275649004e-05
803 -0.0001516030612
804 -0.000161535899362
805 -0.000112645763459
806 -0.000152708024517
807 -0.000107265106197
808 -9.81973173854e-05
809 -0.000101986078384
810 -8.42565913369e-05
811 -6.57820128111e-05
812 -5.86837947675e-05
813 -1.69577970091e-05
814 -3.31325922359e-05
815 -2.90321499766e-05
816 -2.22634747016e-05
817 -2.58712102135e-05
818 -3.49955532216e-05
819 -2.2936796911e-05
820 4.57952820247e-06
821 -4.38463802117e-06
822 -1.67288307799e-05
823 2.70106735987e-05
824 2.09513368198e-05
825 -5.73062613511e-07
826 1.27821011021e-05
827 -2.71845377722e-05
828 -2.42408966436e-05
829 -4.61094907642e-06
830 2.46598436837e-05
831 5.61602328478e-07
832 -1.70822481396e-06
833 -4.57377282843e-06
834 5.11617856879e-06
835 6.5528424293e-06
836 1.02365124828e-05
837 -1.54368872602e-06
838 1.73588507037e-05
839 2.16999661738e-05
840 -1.16465487062e-05
841 -1.21497516351e-05
842 2.38145916418e-05
843 1.49706440738e-05
844 -2.33098486914e-05
845 1.26548011374e-05
846 -2.43330521652e-05
847 -8.11234525334e-06
848 7.10186653487e-06
849 1.23075154511e-05
850 -0.000423678901549
851 -0.000137650049751
852 -7.98249251314e-05
853 -0.00016187579002
854 -0.000145875371747
855 -0.000116708215325
856 -0.000105771188446
857 -9.14490778793e-05
858 -6.95432545221e-05
859 -0.000113072418304
860 -6.25291358013e-05
861 -4.66867268167e-05
862 -3.45490925452e-05
863 1.17029934198e-05
864 -2.45126760895e-05
865 -1.85847045042e-05
866 -7.85737417802e-06
867 -2.85344638108e-05
868 -6.43642171956e-05
869 9.81079278741e-06
870 1.43281624436e-05
871 2.2366706717e-06
872 2.64321104832e-06
873 4.28435095117e-05
874 -8.48351601272e-06
875 8.80318092203e-06
876 -1.09579947329e-05
877 7.38671777503e-06
878 -9.16069653547e-06
879 3.79733413355e-07
880 4.66382948099e-05
881 -7.40642294471e-06
882 1.83708035608e-05
883 -1.06242235255e-05
884 1.85976402135e-07
885 -1.64974420511e-06
886 1.23980900499e-05
887 1.38147816172e-05
888 2.04130506903e-05
889 2.45474248455e-06
890 1.4842053902e-05
891 1.36802796907e-05
892 1.78854882064e-05
893 -7.20002157536e-06
894 -1.85474453283e-05
895 1.72197428029e-05
896 -3.31806187109e-05
897 -1.35499608828e-05
898 1.46842846293e-05
899 1.62476400211e-05
900 -0.000434213999779
901 -0.000175759634936
902 -0.000126874007616
903 -0.000136938836056
904 -0.000115705383089
905 -8.75187512598e-05
906 -8.61889809117e-05
907 -0.000162428989068
908 -5.3895112224e-06
909 -9.81390111355e-05
910 -5.62113661456e-05
911 -4.49108703601e-05
912 -4.47308667871e-06
913 -3.96555433773e-06
914 -5.64990188894e-05
915 1.23460430662e-05
916 -3.2726848113e-05
917 -9.05388891931e-06
918 -4.1282722474e-05
919 -1.6610858865e-05
920 -4.36548756783e-06
921 -1.59347921087e-05
922 -1.7971722126e-05
923 3.33536772042e-05
924 8.78253960853e-06
925 3.45378376682e-06
926 1.01034250107e-05
927 -1.98190818955e-05
928 -1.60470312286e-05
929 -1.91751155528e-05
930 2.2512896879e-05
931 -2.18790582592e-05
932 1.012536939e-05
933 -2.16700767765e-05
934 -4.68169070958e-06
935 -2.32317650718e-05
936 1.88450694485e-05
937 -2.77147404628e-05
938 1.84536147336e-05
939 3.81930558617e-06
940 -2.47824756802e-06
941 -1.76173461918e-06
942 8.51968374794e-06
943 -5.28639153308e-06
944 -6.24497766687e-06
945 2.9585428836e-05
946 1.87170168055e-06
947 1.13089541817e-05
948 -1.048888645e-05
949 -2.96870630146e-06
950 -0.000310087387708
951 -0.000144951155223
952 -0.000120344771964
953 -5.75364701117e-05
954 -0.000115373147684
955 -0.000114261178724
956 -6.01572240397e-05
957 -0.000154845861482
958 -4.21804931833e-06
959 -7.83352724471e-05
960 -7.84294434388e-05
961 -7.3077457184e-05
962 8.39759232206e-06
963 -8.5893454018e-06
964 2.16500912515e-06
965 3.8117819081e-06
966 -4.74062116581e-05
967 5.71719929648e-06
968 -1.20441271912e-06
969 -2.00348213216e-05
970 -7.07106795421e-06
971 -2.15508097926e-05
972 -1.62347095037e-05
973 -1.47199376403e-05
974 -3.8465701823e-06
975 -3.40197203671e-06
976 6.33837813746e-06
977 -6.46701149276e-06
978 -1.29673109021e-05
979 -4.05020078325e-05
980 3.13090217111e-05
981 -3.17775620061e-05
982 7.29799633038e-06
983 9.38773591356e-06
984 5.68890120685e-07
985 -1.11491424638e-05
986 3.42213255893e-05
987 -3.57477131725e-06
988 1.41338022576e-05
989 3.28290089426e-06
990 7.02475010218e-06
991 1.29174283109e-05
992 1.18492780365e-05
993 -1.40538032546e-05
994 1.76909806315e-05
995 2.40262249562e-05
996 2.35359638355e-05
997 1.51966300585e-05
998 -3.29886413069e-06
999 -3.95617235656e-06
1000 -0.000325048780011
1001 -0.000182451886459
1002 -9.82382582034e-05
1003 -9.51743221949e-06
1004 -9.15544706175e-05
1005 -9.131650111e-05
1006 -3.33738623081e-05
1007 -9.97003850874e-05
1008 -2.30871778924e-05
1009 -5.30687911026e-05
1010 -8.88278904214e-05
1011 -2.70140437126e-05
1012 -2.687633616e-05
1013 -1.53622651796e-05
1014 2.82755453779e-05
1015 1.72438412068e-05
1016 -2.80670006713e-05
1017 1.59199562947e-06
1018 -1.677492449e-05
1019 -4.34388480147e-05
1020 4.18624184032e-07
1021 -9.59949346671e-06
1022 4.05527734006e-06
1023 -1.48421092192e-05
1024 -1.19143120689e-05
1025 2.17329857526e-05
1026 1.29721117873e-05
1027 -9.49669702748e-06
1028 -9.72722196148e-06
1029 -1.01277772751e-05
1030 3.24268071344e-05
1031 -5.1711234982e-06
1032 1.27776235332e-05
1033 -6.57394125009e-06
1034 1.08232810477e-05
1035 4.66486103277e-06
1036 6.78112251264e-06
1037 5.89077312696e-06
1038 2.26879641166e-06
1039 1.92153290392e-05
1040 3.30598078346e-06
1041 1.67678608327e-05
1042 -1.62030318184e-06
1043 -6.90432240555e-06
1044 2.33056799371e-05
1045 1.01609702247e-05
1046 1.03947891346e-05
1047 5.17859358413e-06
1048 4.49119138396e-06
1049 1.0158176873e-05
1050 -9.2673312509e-05
1051 -0.00019612906571
1052 -7.8813838272e-05
1053 -0.000129971734987
1054 -0.000139991314324
1055 -7.90069613402e-05
1056 -1.58041409928e-05
1057 -2.75625568283e-05
1058 -3.44358366209e-05
1059 -3.11156573978e-05
1060 -1.39034948224e-05
1061 -3.08704907532e-05
1062 -2.14242110478e-05
1063 -3.08307543408e-05
1064 2.03887793727e-05
1065 1.45430644785e-05
1066 -2.20044484602e-05
1067 -9.28477815872e-06
1068 -1.71046021845e-05
1069 -4.97551983708e-05
1070 -2.55624872529e-05
1071 -5.23234730003e-06
1072 -9.65562886771e-07
1073 -3.85435249789e-05
1074 -9.29231594197e-06
1075 5.69164535823e-06
1076 -5.49227420612e-06
1077 -3.46298452091e-05
1078 3.48890159522e-05
1079 -1.2633571475e-05
1080 1.00748922189e-05
1081 1.3038795899e-05
1082 7.09859447202e-06
1083 -1.3023810513e-05
1084 4.33662698932e-05
1085 -6.20578542185e-06
1086 1.82172766075e-05
1087 -1.41258110382e-05
1088 -6.25690878516e-07
1089 2.83160885974e-05
1090 -1.95001971596e-06
1091 1.21651918472e-05
1092 -4.82994778103e-06
1093 5.90658334158e-06
1094 -2.35572614261e-08
1095 1.54116569872e-05
1096 2.20365912704e-05
1097 6.19610047469e-06
1098 -1.33238768032e-05
1099 1.94174224376e-05
1100 -4.71649417665e-05
1101 -0.000203040065123
1102 -0.000182791124589
1103 -8.02937049061e-05
1104 -9.36599895708e-05
1105 -8.49871064579e-05
1106 -6.23522533062e-05
1107 -3.62544168992e-05
1108 -4.95099895856e-06
1109 -4.3283023581e-05
1110 1.43530105319e-05
1111 -3.18475363123e-05
1112 -3.19003852452e-05
1113 -9.79419587954e-06
1114 -7.42529699717e-07
1115 -5.49177723049e-06
1116 1.13631309754e-06
1117 -5.3841111738e-06
1118 -3.29791947769e-05
1119 -3.95520969799e-05
1120 -2.25775906803e-05
1121 -2.49740571196e-05
1122 -2.67576651963e-05
1123 -3.3258876561e-05
1124 -1.67935102558e-05
1125 -2.02512116229e-05
1126 -1.17385040276e-06
1127 -3.47337982156e-05
1128 9.41646385144e-06
1129 3.5716518678e-06
1130 -6.76006885473e-06
1131 3.06980568361e-05
1132 -5.75901844638e-06
1133 3.44134365047e-06
1134 1.91016928232e-05
1135 6.12083335812e-06
1136 7.94191003611e-06
1137 1.59798506086e-06
1138 -1.10804529676e-06
1139 9.63347888582e-06
1140 2.6883801308e-06
1141 1.6023279068e-05
1142 -1.44735287238e-05
1143 -7.61416995642e-06
1144 -5.15293780683e-06
1145 2.35361173054e-05
1146 1.76249086094e-05
1147 -6.06272606908e-06
1148 9.6531771137e-06
1149 2.18783873706e-05
1150 -0.000137076705302
1151 -0.000160797101436
1152 -0.000112186851
1153 -4.0711584238e-05
1154 3.52712444525e-06
1155 -4.18919862934e-05
1156 -5.74632259067e-05
1157 -2.43665084816e-05
1158 7.08756616772e-06
1159 -5.97826710061e-05
1160 3.15158617169e-05
1161 -3.93659925584e-05
1162 -2.39459577198e-05
1163 -7.64572005183e-06
1164 -8.02941176997e-06
1165 -2.32650186043e-05
1166 1.15929565946e-05
1167 -1.98079171932e-06
1168 -3.28400322629e-05
1169 -1.24329341749e-05
1170 -3.17204208215e-05
1171 -1.01899333226e-05
1172 -2.49104252697e-05
1173 -3.73733313912e-05
1174 -3.43548737713e-06
1175 -6.06270088158e-06
1176 1.03913420362e-05
1177 2.2828672635e-06
1178 -3.95099716513e-06
1179 3.74704549377e-06
1180 4.44901268911e-06
1181 1.58739788114e-05
1182 -1.82152848752e-05
1183 5.79414181491e-07
1184 1.41021003475e-05
1185 -4.34642080678e-05
1186 -1.35666652499e-05
1187 2.87645236482e-06
1188 9.64493071053e-06
1189 -1.030244846e-05
1190 1.78393025166e-05
1191 -6.21784541588e-06
1192 -1.22009134409e-05
1193 -1.75346096965e-05
1194 -9.4597408067e-06
1195 5.28038908548e-06
1196 -2.03144691328e-05
1197 -1.39920440073e-06
1198 8.57810508119e-06
1199 -2.65537546026e-06
1200 -0.000259010253418
1201 2.65278973737e-05
1202 -5.07810894477e-05
1203 -0.000116912343549
1204 1.3455916953e-05
1205 -5.32632565374e-05
1206 -1.68985109449e-05
1207 -3.1103644698e-05
1208 -6.32594426798e-06
1209 -4.88995096732e-05
1210 -1.50699564224e-06
1211 -5.14983625844e-05
1212 6.43835964173e-06
1213 7.42751124443e-06
1214 -5.43532895647e-05
1215 -2.49175969449e-05
1216 -3.1854390808e-05
1217 8.68872341247e-06
1218 -2.14792161602e-05
1219 2.53574335628e-05
1220 -8.28415132995e-06
1221 -1.46752973855e-05
1222 -6.64404604365e-06
1223 -4.23784760501e-05
1224 1.86610284325e-05
1225 -3.97363350469e-06
1226 -3.74832682133e-06
1227 -4.16464984987e-05
1228 1.31008402738e-05
1229 1.5316549252e-06
1230 -1.58977313539e-05
1231 5.17753275696e-07
1232 -8.88608953153e-06
1233 -1.54848995864e-05
1234 6.79216188895e-06
1235 -1.64952024179e-05
1236 6.73279526193e-06
1237 1.51868860459e-05
1238 -1.90767022992e-05
1239 -1.23665243416e-05
1240 1.37159553864e-06
1241 -4.10215398292e-06
1242 4.23734398756e-06
1243 -2.62101042148e-05
1244 -1.70158389434e-05
1245 1.72034962202e-06
1246 -2.38931476253e-06
1247 1.41584662792e-05
1248 1.16484280725e-05
1249 -3.873363382e-06
1250 -0.000467474111055
1251 -8.56130032135e-05
1252 -5.18042597238e-05
1253 -0.000122033432734
1254 -2.37754831351e-05
1255 -1.79385716347e-05
1256 3.17404051982e-05
1257 -3.42320824392e-05
1258 -3.88436906699e-05
1259 -3.98416303806e-05
1260 -7.91591889596e-06
1261 -1.13093192425e-05
1262 1.8157170039e-06
1263 -5.31247320172e-05
1264 -2.83624751976e-05
1265 2.7663169344e-06
1266 -2.50855760808e-05
1267 1.39550082639e-05
1268 4.30678153901e-07
1269 -1.3168556844e-05
1270 -2.87622410176e-05
1271 -5.24907083784e-05
1272 2.99097953152e-06
1273 -1.45591207053e-05
1274 -9.58790979818e-06
1275 -4.3508542077e-06
1276 8.64892975777e-06
1277 -1.55801194272e-05
1278 -4.33339382175e-06
1279 -7.71237984959e-06
1280 -1.9093019889e-05
1281 -4.52012748212e-06
1282 -9.79996144625e-06
1283 -1.55280638443e-05
1284 -3.04927703805e-06
1285 -1.69472284939e-05
1286 -1.20285747365e-05
1287 1.09565451377e-06
1288 -4.09915915741e-06
1289 8.07536178473e-06
1290 6.51719384258e-06
1291 2.09294451944e-05
1292 -9.82097871173e-06
1293 -1.06708323553e-05
1294 -1.87154688352e-05
1295 -1.49741380945e-06
1296 7.82630422144e-06
1297 3.52329138697e-05
1298 9.47201680798e-06
1299 -1.17978052676e-06
1300 -0.000347421093873
1301 -3.93149953792e-05
1302 -7.76752303764e-05
1303 -0.000131140575639
1304 -1.37578987486e-06
1305 -1.68332631261e-07
1306 2.73855747713e-05
1307 -4.98056841317e-06
1308 -2.07528683456e-05
1309 -5.64699546684e-05
1310 1.51258437049e-05
1311 -2.86808522703e-06
1312 1.64168203459e-05
1313 -2.1847523106e-05
1314 -2.85955039227e-05
1315 -3.60219066378e-06
1316 2.17786488614e-06
1317 -2.03719120948e-05
1318 -1.34271253569e-05
1319 -2.45085463426e-05
1320 -1.4553153203e-06
1321 -3.93804987121e-05
1322 -2.08731232169e-05
1323 1.34634325685e-05
1324 -1.25748573117e-05
1325 -6.89342585751e-06
1326 1.82260643526e-05
1327 -4.40914644971e-05
1328 -1.33530015268e-05
1329 1.95664474469e-05
1330 -2.25278931386e-05
1331 -1.81339242471e-05
1332 1.10115558176e-06
1333 -8.50567238898e-06
1334 -3.85458970228e-06
1335 -2.37027060763e-05
1336 9.74678069352e-06
1337 -6.14689309955e-06
1338 -1.50140566293e-05
1339 8.32390917024e-06
1340 1.85695258375e-05
1341 3.42621740208e-05
1342 -3.15236696672e-06
1343 -1.4155852049e-05
1344 -6.73962618893e-06
1345 -1.19618349062e-05
1346 6.4984760356e-07
1347 1.38146328443e-05
1348 -1.726859771e-06
1349 5.55530936878e-06
1350 -0.00012913336916
1351 -0.00012840256141
1352 -9.45361046789e-05
1353 -9.83367819888e-05
1354 -9.28783817104e-06
1355 -5.43256354852e-05
1356 3.05477646792e-05
1357 -4.24131304612e-05
1358 6.03188852715e-07
1359 -3.42802375044e-05
1360 -3.61497422368e-05
1361 -2.54414177767e-05
1362 -1.90457870899e-05
1363 -7.34234372751e-06
1364 -9.50858192619e-06
1365 -1.48593269732e-05
1366 1.53723245126e-05
1367 9.34315656294e-06
1368 -3.06792151396e-05
1369 -2.72973026489e-05
1370 -1.36675003654e-05
1371 -2.03767533654e-05
1372 -2.39114220429e-05
1373 -4.26618123266e-05
1374 -1.00152482429e-05
1375 -1.90852407189e-05
1376 -3.28678679114e-05
1377 -3.86643024782e-05
1378 -1.83472727488e-05
1379 3.85308200926e-05
1380 3.22446643488e-06
1381 -3.07156859532e-05
1382 -2.96653705364e-05
1383 4.83269122465e-07
1384 -1.15626300698e-05
1385 -2.64602097883e-05
1386 1.96593666419e-06
1387 -1.91645581406e-06
1388 -5.49948983309e-06
1389 3.49128012239e-06
1390 -3.28194327423e-05
1391 -1.61630030694e-06
1392 4.39902734589e-06
1393 -6.70919732494e-06
1394 1.12440945742e-06
1395 -2.05774080271e-06
1396 2.19168279219e-06
1397 -7.27260979686e-06
1398 -1.79145891037e-06
1399 2.04816336568e-05
1400 -0.000182435589318
1401 -0.000137192030795
1402 -0.000126002594953
1403 -0.0001094469927
1404 -3.94367922743e-05
1405 -3.42463200378e-05
1406 -3.00751827319e-05
1407 -4.92468120157e-05
1408 -4.54936112685e-05
1409 -0.000107935049954
1410 -1.83527977998e-05
1411 -3.11411458438e-05
1412 -3.69238912854e-05
1413 -2.97267097448e-05
1414 -2.86984649137e-06
1415 -1.91261230699e-05
1416 4.00973092392e-05
1417 -1.56273559071e-05
1418 -2.80083674036e-05
1419 -1.26710135927e-05
1420 -1.22381817011e-05
1421 5.37617534732e-06
1422 -1.49692537923e-07
1423 2.6115098602e-06
1424 -1.60383150494e-05
1425 -3.11701841009e-05
1426 -2.52950584336e-05
1427 -1.25140179433e-05
1428 -1.24618102355e-05
1429 3.10665836604e-05
1430 -2.16056996522e-05
1431 -4.18108407888e-05
1432 -1.37372272322e-05
1433 1.03931646717e-05
1434 9.61377073476e-06
1435 -1.06837459687e-05
1436 -9.90282056357e-06
1437 -1.15927682321e-05
1438 -2.33518050645e-05
1439 -4.63153587721e-06
1440 5.69521047719e-06
1441 -6.3833384204e-06
1442 -2.70079874237e-06
1443 3.66672224205e-06
1444 2.95783098275e-06
1445 -1.73114956229e-05
1446 1.04238127389e-05
1447 -1.09737819409e-05
1448 -1.22694734513e-05
1449 5.71745207951e-06
1450 -2.55406880086e-05
1451 -0.000231175237904
1452 -0.000104396033666
1453 -0.000181686399763
1454 -1.40746416021e-05
1455 -3.08844222474e-05
1456 -5.12359948443e-05
1457 -2.98860101611e-06
1458 -2.11623472323e-05
1459 -9.22374441658e-05
1460 1.03410155712e-05
1461 -6.57431888263e-06
1462 -4.53091201572e-05
1463 -3.46482448067e-05
1464 -6.4409428066e-05
1465 -3.19378882089e-05
1466 8.95440626563e-06
1467 -5.9915543312e-06
1468 -2.85211966358e-05
1469 1.38841107077e-06
1470 -4.25428436958e-05
1471 1.06600676391e-05
1472 -1.76501691206e-05
1473 -2.03214224217e-06
1474 -2.75354418484e-05
1475 6.5490817057e-06
1476 -3.8175682789e-05
1477 -2.63692221253e-05
1478 -1.6096807872e-05
1479 2.29792421165e-05
1480 -1.04233187461e-05
1481 -2.74017038563e-05
1482 -1.27854453504e-05
1483 1.84913073587e-05
1484 -3.30576496837e-05
1485 -1.73707510135e-05
1486 1.54033429118e-05
1487 -1.26873646875e-05
1488 2.91626298918e-06
1489 1.26423121337e-05
1490 1.36620515684e-05
1491 1.36475598669e-05
1492 1.04986902216e-05
1493 -1.54717629495e-05
1494 2.17430533348e-05
1495 -3.58291502621e-05
1496 -4.08387475785e-06
1497 2.87740952464e-06
1498 -2.68157623446e-06
1499 -2.75699508153e-06
1500 -1.87944610829e-07
1501 -9.39495275124e-05
1502 -8.43998365555e-05
1503 -6.28488287821e-05
1504 -3.78333293845e-05
1505 -2.0296132989e-05
1506 -3.81088993937e-05
1507 -1.06619717163e-05
1508 4.18879651736e-06
1509 -9.1535799041e-05
1510 -1.63591298956e-05
1511 -1.59544685658e-05
1512 -4.83140278629e-05
1513 -2.93874069391e-05
1514 -4.2118409423e-05
1515 -2.09021163004e-05
1516 -2.01463757994e-05
1517 -2.48222538713e-05
1518 -2.06956972941e-05
1519 -2.07717856054e-05
1520 3.18068593296e-06
1521 -1.6620436925e-05
1522 -3.09488421904e-05
1523 -5.50801599106e-05
1524 -1.56474849937e-05
1525 -2.6243598074e-06
1526 -3.14552613648e-05
1527 -1.25250400497e-05
1528 -1.88513476642e-06
1529 8.44715613529e-06
1530 -2.35332895059e-05
1531 -3.00529140364e-05
1532 2.24471099724e-06
1533 1.01679629522e-05
1534 -7.02833952782e-06
1535 -1.00027948121e-05
1536 1.46825192362e-05
1537 -2.69553491185e-05
1538 8.4826008827e-06
1539 -2.0956992327e-05
1540 -4.57789314147e-07
1541 2.66144571392e-05
1542 3.73415312789e-06
1543 -1.84519087533e-05
1544 9.89152593999e-06
1545 -4.05008401689e-05
1546 3.36138311732e-06
1547 -1.04818701595e-07
1548 3.12788309294e-06
1549 -1.08591718469e-05
1550 -0.000186681023934
1551 -1.40401323021e-05
1552 -4.13976130935e-05
1553 -8.08008293037e-05
1554 -8.1524877511e-05
1555 -8.75206673446e-05
1556 7.33779733415e-06
1557 -5.1555318173e-05
1558 -1.75560097195e-05
1559 -6.22667908447e-05
1560 -4.33926374262e-05
1561 -4.13282401433e-05
1562 -6.74070156148e-05
1563 -5.12978738891e-05
1564 -4.99268603056e-05
1565 -1.84883057023e-05
1566 -2.48016299905e-05
1567 -1.27131328992e-05
1568 -1.33046445262e-06
1569 -4.61837228958e-07
1570 -2.05354710338e-05
1571 -2.22732805293e-05
1572 -7.88983477777e-07
1573 -3.58468874868e-05
1574 -6.05370560857e-06
1575 -1.04017117583e-05
1576 -2.98093106859e-05
1577 -5.14528261878e-07
1578 -3.05370205087e-05
1579 -3.16998084762e-05
1580 -1.05077223742e-05
1581 -1.8731347003e-05
1582 -1.16990315045e-06
1583 2.40696556962e-06
1584 1.73179384427e-06
1585 1.7063567421e-05
1586 1.53454003916e-05
1587 -1.59431462678e-05
1588 -1.22405821e-05
1589 -1.0005340382e-05
1590 -7.22714621178e-06
1591 -2.39991423024e-05
1592 3.02310223354e-06
1593 -3.84779249286e-06
1594 1.50528959777e-05
1595 -2.9944275526e-05
1596 -4.20583931962e-06
1597 1.15893980027e-05
1598 -2.12359544407e-05
1599 -9.09897325556e-06
1600 -0.000107341267687
1601 -6.62202069185e-05
1602 -9.52821663677e-05
1603 -0.000121033609273
1604 -2.86661069315e-05
1605 -4.34944400495e-05
1606 -1.1610751097e-05
1607 -3.02783973447e-05
1608 4.91742646384e-06
1609 -7.62657561652e-05
1610 -2.02721318972e-05
1611 -3.16799818432e-05
1612 -6.39045735914e-05
1613 -9.19596519799e-05
1614 -2.3679647103e-05
1615 -4.50476112079e-06
1616 -1.08940033078e-05
1617 4.13441377159e-06
1618 2.22675238057e-05
1619 6.4842102159e-06
1620 4.99871551436e-06
1621 -5.30266631117e-06
1622 -4.27526969652e-06
1623 2.24014063689e-05
1624 -2.8685276308e-05
1625 -6.21431249167e-06
1626 -4.80513664569e-05
1627 6.0914156204e-06
1628 1.33757284897e-05
1629 -3.16980157911e-07
1630 -1.60089144162e-05
1631 -1.55812713203e-05
1632 -1.32850339632e-05
1633 -1.22170083678e-05
1634 -1.41569913284e-05
1635 1.38939334787e-05
1636 -3.54039555879e-06
1637 3.38808230972e-06
1638 -1.93438014842e-06
1639 -8.87218808149e-06
1640 9.60296490627e-06
1641 -1.96697138022e-05
1642 1.68277957912e-05
1643 -1.0776966143e-06
1644 9.7441904753e-06
1645 -3.4859256182e-05
1646 -4.28470226537e-06
1647 -1.02547916711e-06
1648 -5.14126803375e-08
1649 -2.15678482941e-05
1650 -3.41487704526e-06
1651 -0.000107285580378
1652 -7.88019472909e-05
1653 -0.000102634297913
1654 5.2406754456e-06
1655 -5.42205625128e-05
1656 -1.87018870627e-05
1657 -1.91955197347e-05
1658 -2.04327204312e-05
1659 -5.05541182745e-05
1660 -1.33100351557e-05
1661 -2.61126113447e-05
1662 -4.73359211118e-05
1663 -4.65509017455e-05
1664 5.91399989871e-06
1665 -2.96486992257e-05
1666 -2.42223664415e-05
1667 -9.55910992431e-07
1668 -1.68450593988e-05
1669 -8.02016052751e-06
1670 1.31307643948e-05
1671 -4.53895605541e-06
1672 -2.49955868007e-05
1673 -3.32680919025e-06
1674 -2.0625535432e-05
1675 -1.35166989707e-05
1676 -1.28587807595e-05
1677 -1.0174051745e-05
1678 3.5466985057e-05
1679 7.55403024242e-06
1680 -2.85137420284e-05
1681 -1.86967898625e-07
1682 -1.91526583966e-06
1683 -1.6142661771e-05
1684 -3.05750336679e-05
1685 1.74146040177e-05
1686 1.60495422721e-05
1687 5.05093833963e-06
1688 5.7976917025e-06
1689 -1.6999238862e-06
1690 2.17828007545e-05
1691 -2.08841177996e-05
1692 4.4515744207e-05
1693 -1.33178088295e-05
1694 1.38719139723e-05
1695 -1.90405592782e-05
1696 2.04403369405e-05
1697 -8.79416840729e-06
1698 1.95096420085e-05
1699 -2.38555598698e-05
1700 -6.23717694752e-05
1701 -8.96805349236e-05
1702 -0.000104515100385
1703 -4.93950321146e-05
1704 8.04603336793e-07
1705 -7.07365994107e-05
1706 -1.22382605028e-05
1707 -2.55940699389e-05
1708 -7.27395819685e-05
1709 -7.0058213735e-05
1710 -9.39167608422e-06
1711 -2.52106970002e-05
1712 -6.44225473245e-05
1713 -3.29048703532e-05
1714 -2.17427696657e-05
1715 -6.59905763146e-05
1716 -4.04659837309e-05
1717 -3.06170861501e-05
1718 -9.13275621357e-06
1719 -8.09679178857e-06
1720 5.37128986217e-06
1721 -1.82075992469e-05
1722 -2.48178626648e-05
1723 1.08013338e-05
1724 4.72878562558e-06
1725 2.49200255941e-06
1726 6.37682277596e-06
1727 -3.68875328572e-05
1728 1.56386230599e-05
1729 -8.35940839585e-06
1730 -2.97296481956e-06
1731 7.31502998993e-06
1732 -2.83145000429e-05
1733 3.98890740288e-06
1734 2.08696191146e-06
1735 -5.37203564116e-06
1736 -1.77978132458e-05
1737 -5.55828000298e-06
1738 2.07551251921e-05
1739 9.7288816042e-06
1740 -5.23009288907e-06
1741 -9.93402017407e-06
1742 2.60835314457e-05
1743 1.07575391005e-05
1744 7.54274998247e-06
1745 -9.87886327684e-06
1746 3.00090651597e-06
1747 1.07266123164e-07
1748 -1.18717183661e-06
1749 -1.44005979174e-05
1750 -4.36382823528e-05
1751 -5.13161670328e-05
1752 -9.29002534962e-05
1753 -7.26328292729e-05
1754 -2.95160144763e-05
1755 -3.33975961594e-05
1756 7.90760290487e-06
1757 -2.04348176184e-05
1758 -4.64627529755e-05
1759 -6.76009112043e-05
1760 1.03327859891e-05
1761 -2.80627736513e-05
1762 -3.72064203414e-05
1763 -3.93454291654e-05
1764 -1.62197279267e-05
1765 6.63911938078e-06
1766 -6.18281242938e-05
1767 -3.00137819532e-05
1768 1.7646638059e-05
1769 -2.23309981208e-05
1770 -2.16042406867e-05
1771 -2.63884173766e-05
1772 -1.88577081646e-05
1773 1.3613277999e-05
1774 4.30472668032e-06
1775 2.18321962943e-06
1776 3.53578794361e-06
1777 -4.11121824313e-05
1778 -8.2498416978e-06
1779 -1.24423590095e-05
1780 -3.55470903603e-05
1781 1.02692969114e-05
1782 -3.97238389813e-05
1783 -1.9680777541e-05
1784 -1.29435982157e-05
1785 -2.2099154135e-05
1786 -6.17159997544e-06
1787 6.23858888707e-06
1788 1.05347653412e-05
1789 3.12498308555e-05
1790 9.97413055131e-06
1791 -9.28783752181e-06
1792 1.38287876922e-05
1793 3.31753473356e-05
1794 2.38950398914e-05
1795 -1.3341152832e-05
1796 1.78427220084e-05
1797 -1.61776702193e-05
1798 3.61616417301e-05
1799 -1.11342140998e-05
1800 -0.000193835648812
1801 1.6349312221e-06
1802 -0.000131356239797
1803 -0.00011397663479
1804 -6.05533924861e-05
1805 -5.98489169913e-06
1806 1.52156959341e-06
1807 3.85924523318e-06
1808 -6.17572492374e-06
1809 -5.13058650397e-05
1810 -3.54908201556e-05
1811 -5.58801191423e-05
1812 -5.25492652515e-06
1813 -4.26970306013e-05
1814 -3.77514253441e-06
1815 3.41000903612e-05
1816 -5.75135150274e-06
1817 -2.34182632484e-05
1818 3.19667738798e-05
1819 -5.6074615859e-06
1820 1.03800699799e-05
1821 -7.15474522451e-06
1822 -3.39366379567e-06
1823 -4.86349646051e-06
1824 5.49962032044e-06
1825 1.37445374688e-05
1826 -9.8859129079e-06
1827 -3.3517319151e-05
1828 3.1241830246e-06
1829 -4.13070149819e-06
1830 -1.13795503102e-05
1831 3.66884305557e-05
1832 -5.59573568139e-06
1833 -8.69977177677e-07
1834 -2.50759742593e-05
1835 -1.15695476567e-05
1836 1.72846834048e-05
1837 -1.27880994615e-05
1838 1.07581990182e-05
1839 1.22367971817e-05
1840 -6.78272643659e-06
1841 -2.16112503829e-05
1842 1.04787604473e-06
1843 1.93858867055e-05
1844 2.42383023523e-05
1845 -9.58553835373e-06
1846 2.96283456448e-06
1847 3.48393103776e-06
1848 1.75495700836e-05
1849 -1.66794025478e-05
1850 -0.000311495905839
1851 2.54230641621e-05
1852 -7.57954266846e-05
1853 -0.000147391687789
1854 -1.92292178e-05
1855 3.03049589607e-06
1856 1.05596444411e-05
1857 -5.23365974612e-05
1858 -6.16130597437e-06
1859 -3.06245091707e-05
1860 1.2567785433e-05
1861 -2.6977443049e-07
1862 -2.71494885021e-05
1863 -1.44891814357e-05
1864 1.87748637495e-05
1865 -1.42012334704e-05
1866 2.29761471315e-05
1867 -4.35587800889e-05
1868 2.00620810401e-05
1869 -1.56119555365e-05
1870 1.42113113712e-05
1871 -2.66223289687e-05
1872 9.97772600329e-06
1873 9.8168959854e-06
1874 -5.60451231631e-07
1875 -9.58710361877e-07
1876 -4.29900789311e-06
1877 -2.36391654338e-05
1878 -2.1511119177e-05
1879 -2.18453745411e-05
1880 -1.7991747504e-05
1881 6.42237162922e-07
1882 -1.23805031045e-05
1883 -3.57976484649e-05
1884 -5.12135264384e-06
1885 -1.30787353717e-06
1886 -2.25066960791e-05
1887 -5.75092225236e-06
1888 1.58480092299e-05
1889 9.01702328771e-06
1890 7.15890755629e-07
1891 -1.01868854557e-05
1892 8.99355019073e-06
1893 4.19833105961e-06
1894 9.45746420251e-06
1895 -1.25692491463e-06
1896 6.25720510459e-06
1897 -1.35238397966e-05
1898 9.56488043358e-06
1899 -8.07031319744e-07
1900 -0.000379555680464
1901 -5.07471232299e-05
1902 2.8364748769e-06
1903 -5.14253303059e-05
1904 -2.68448827125e-05
1905 -3.40387656675e-05
1906 -2.86653833198e-05
1907 -5.87039776187e-05
1908 -1.69604787556e-05
1909 -1.08262975232e-05
1910 -5.3158694018e-05
1911 -1.95289522682e-05
1912 -1.77831936727e-05
1913 -4.97602941916e-06
1914 -7.71360605269e-06
1915 -2.2079717049e-05
1916 -6.44854688166e-06
1917 -4.44003077903e-05
1918 1.91650112469e-05
1919 -1.61934402076e-05
1920 -1.63054122953e-05
1921 -2.08902160503e-05
1922 -3.01532577642e-05
1923 -8.92498038879e-06
1924 -3.42899514814e-05
1925 -1.36878087081e-05
1926 5.31652777874e-06
1927 -2.75111222806e-05
1928 -1.3725937893e-05
1929 -1.08016009962e-05
1930 -1.82815075379e-05
1931 -9.11475439742e-06
1932 -1.22425126244e-05
1933 5.08638787346e-06
1934 5.93112347742e-06
1935 1.63661826633e-05
1936 -1.03001296401e-05
1937 -8.42856675182e-06
1938 -8.1978969124e-06
1939 2.26739147801e-05
1940 -9.56516825722e-06
1941 -9.18503603274e-06
1942 1.41866686518e-05
1943 -6.35775098256e-06
1944 -7.28917587909e-06
1945 -2.81383573466e-05
1946 -4.02780968453e-06
1947 -1.25473772641e-05
1948 -6.1864048776e-06
1949 5.80243493529e-06
1950 -0.000197566128637
1951 -0.000124125532697
1952 -9.57136316598e-06
1953 -4.90215790115e-05
1954 -1.33930264626e-05
1955 -2.35867047221e-05
1956 -1.87592820227e-05
1957 -2.97554347397e-05
1958 1.43714667905e-05
1959 -4.16591602186e-06
1960 -1.21077391259e-05
1961 1.35641942706e-05
1962 -3.94731230184e-05
1963 1.87407460958e-05
1964 -1.58509917088e-05
1965 -1.91150890652e-05
1966 -1.26088066235e-05
1967 2.12980488656e-05
1968 -1.34225944648e-05
1969 -5.52646380366e-06
1970 -3.26004119859e-05
1971 -1.14267741613e-05
1972 -2.1106980323e-05
1973 -2.13379161224e-05
1974 -3.3287137762e-05
1975 1.16617975157e-05
1976 2.13610646392e-05
1977 -1.39593531967e-05
1978 1.45771147207e-05
1979 -1.5969679097e-05
1980 -1.26109546944e-05
1981 -5.80675248678e-06
1982 -1.57182254562e-05
1983 2.07190259231e-05
1984 9.83790287331e-06
1985 1.39613961768e-05
1986 2.08787224517e-05
1987 2.61998963808e-05
1988 -1.00920414419e-05
1989 9.07350811951e-06
1990 1.18248702744e-05
1991 -5.67819317837e-06
1992 7.54505860505e-06
1993 5.56544856616e-06
1994 2.56546642923e-06
1995 -1.08096050875e-06
1996 1.73488767629e-05
1997 -1.32102429216e-05
1998 7.27649378252e-06
1999 -7.78461065043e-06
2000 -0.000115001981068
2001 -3.22713664055e-05
2002 -0.000150982969721
2003 -4.03949464541e-05
2004 -5.60989984039e-06
2005 -3.97438176496e-05
2006 -4.05081065447e-05
2007 3.03289109969e-05
2008 -2.49234089548e-05
2009 -3.38791532921e-05
2010 -4.66514583517e-06
2011 2.71389702902e-05
2012 -2.17460804555e-05
2013 2.08697389098e-05
2014 -3.4398475562e-05
2015 1.95207536403e-05
2016 -1.23368683754e-05
2017 3.47544065987e-05
2018 -2.27231806186e-05
2019 -7.13101929301e-06
2020 -1.51740891384e-06
2021 -5.47093714231e-06
2022 8.24680500453e-06
2023 1.32782354612e-05
2024 -5.95298939295e-05
2025 -6.07446439396e-07
2026 -3.1523846348e-06
2027 1.7923014915e-05
2028 2.16966766826e-05
2029 -2.06864126731e-05
2030 -6.3812311468e-06
2031 1.58334093231e-05
2032 -1.89901468792e-05
2033 1.08296903137e-05
2034 -2.42947040417e-05
2035 2.2275453946e-05
2036 2.1975668082e-05
2037 9.07875851706e-06
2038 -2.91392004925e-05
2039 5.44853622962e-06
2040 1.13256034376e-05
2041 6.02538093571e-07
2042 -5.77815550015e-06
2043 -1.86283321615e-05
2044 1.20092094707e-05
2045 1.58271739454e-05
2046 1.75463498163e-05
2047 -1.70369540434e-05
2048 5.40555832786e-06
2049 1.9521571861e-06
2050 0.000111578485436
2051 2.28932948724e-05
2052 -0.000130575528227
2053 4.53720743675e-06
2054 -4.83260191855e-05
2055 3.26337214102e-05
2056 -3.22061401782e-05
2057 3.74401874952e-06
2058 2.09570887418e-05
2059 -5.59200751323e-05
2060 -2.24342151556e-05
2061 2.89383063867e-05
2062 -9.3063405861e-06
2063 -1.77116905914e-05
2064 -1.77238827757e-05
2065 -1.11716288222e-05
2066 1.71819847282e-06
2067 5.830960468e-05
2068 1.86274432838e-05
2069 7.06895751059e-06
2070 -1.67504324765e-05
2071 -3.99598224315e-06
2072 1.81723295123e-06
2073 -1.27243614475e-05
2074 6.00661254497e-06
2075 4.08587498117e-06
2076 -3.69781604312e-05
2077 -1.05774554274e-05
2078 -1.44078254855e-05
2079 -6.47696230746e-06
2080 -2.54283403543e-05
2081 -3.26648870784e-06
2082 -1.99036529879e-05
2083 1.03864141979e-05
2084 -1.72770718071e-05
2085 -8.85301366628e-06
2086 1.79214295042e-06
2087 2.14984194529e-05
2088 -8.23240135321e-06
2089 -1.376895045e-06
2090 8.49767610731e-08
2091 -4.7981895494e-06
2092 -1.21884841849e-05
2093 1.83012163056e-05
2094 2.39488949835e-05
2095 -5.90834014089e-06
2096 2.01710844291e-05
2097 -1.439104249e-05
2098 7.67068975082e-06
2099 9.5786909206e-06
2100 -0.000100694964078
2101 0.000111797871438
2102 -2.53074693277e-05
2103 8.86837092737e-05
2104 -2.70726579559e-05
2105 9.44687042085e-05
2106 -3.64172077284e-05
2107 1.66949613736e-05
2108 2.69092440037e-05
2109 -5.52447031834e-05
2110 -2.12512507124e-05
2111 2.84260155486e-05
2112 1.31946071767e-05
2113 -2.18744225081e-05
2114 2.25229165742e-05
2115 2.69413864071e-06
2116 3.27466062291e-05
2117 3.31371342761e-07
2118 4.27009038158e-05
2119 6.3043692443e-06
2120 1.89996850576e-05
2121 -1.59995254398e-05
2122 4.1856773559e-06
2123 3.20684745595e-05
2124 -1.68202255407e-05
2125 -1.00654152017e-05
2126 -4.07581577884e-05
2127 3.80958312995e-06
2128 -2.38771640811e-05
2129 -6.23892900587e-06
2130 -3.26082533066e-05
2131 -3.24209841229e-05
2132 -6.50108247889e-06
2133 -8.19636743391e-06
2134 -1.36639674702e-05
2135 -2.27568913479e-05
2136 -3.01124063905e-05
2137 1.52905907504e-06
2138 1.42392389685e-05
2139 -1.82120557381e-06
2140 1.27962639646e-05
2141 1.23171383982e-05
2142 -4.75867547713e-06
2143 -8.71459223587e-06
2144 7.62928483556e-06
2145 2.97693880527e-06
2146 3.60563050037e-05
2147 9.11150929675e-07
2148 3.48196866816e-06
2149 1.76127584877e-05
2150 -9.27155573823e-05
2151 0.000159454534138
2152 -5.48115353175e-05
2153 2.28463460731e-05
2154 -4.78172316679e-05
2155 5.11926258309e-05
2156 -6.30205231667e-05
2157 -3.09174080907e-05
2158 -9.23744075009e-06
2159 -3.73099738862e-05
2160 -1.08662054796e-06
2161 -5.16499742106e-06
2162 1.1445141893e-05
2163 3.77434023242e-05
2164 2.21110421058e-05
2165 3.62113529983e-06
2166 6.55371411521e-06
2167 5.0143802752e-08
2168 1.09684593648e-05
2169 -7.59346135722e-06
2170 8.01663356239e-06
2171 5.76387590702e-06
2172 -8.88276691069e-06
2173 1.60419168906e-05
2174 -1.23609294432e-05
2175 -2.56655433389e-05
2176 -1.1158959185e-05
2177 6.59041662798e-06
2178 -1.15163020163e-05
2179 -1.17470739847e-05
2180 -5.04521798219e-05
2181 -4.32663843338e-05
2182 -8.0294576491e-06
2183 -2.45423842372e-05
2184 -2.40818529229e-05
2185 -5.43358769496e-06
2186 -2.40581187886e-05
2187 1.00465784392e-05
2188 1.72443505765e-05
2189 5.71753126787e-06
2190 -1.30438681571e-05
2191 6.34047064933e-06
2192 4.36989460309e-06
2193 1.96076608309e-05
2194 8.92259429646e-07
2195 2.24227763426e-05
2196 3.3553168374e-05
2197 6.50963170157e-06
2198 2.57050926536e-06
2199 -9.31752937977e-06
2200 2.4449579699e-05
2201 6.77232169304e-05
2202 2.26656877344e-05
2203 5.1157276703e-05
2204 -2.73631528304e-05
2205 2.5763400985e-05
2206 -3.55746380601e-05
2207 -8.38590645008e-05
2208 -5.25203857771e-05
2209 -1.37051786302e-05
2210 4.34074581627e-05
2211 -3.74676071411e-06
2212 1.17614669372e-05
2213 9.40699899097e-06
2214 2.39351424016e-06
2215 -2.50935340918e-05
2216 1.41244769956e-05
2217 -1.54216857332e-05
2218 1.44846141211e-05
2219 2.44171515199e-05
2220 -1.439383965e-05
2221 1.62721857521e-05
2222 -2.44150306492e-05
2223 2.16208190117e-06
2224 4.66784199241e-06
2225 -2.42456195751e-05
2226 -3.12554587992e-05
2227 2.7372794347e-06
2228 -1.15775573546e-05
2229 -2.08894017919e-05
2230 -4.87290233266e-05
2231 -4.63396702757e-05
2232 1.26902384773e-05
2233 -2.2244351063e-05
2234 1.18883456708e-05
2235 -9.37362093624e-06
2236 -1.92385063904e-05
2237 1.51804747729e-05
2238 1.8181090755e-05
2239 3.2317072855e-05
2240 1.60581012205e-07
2241 2.04298250845e-05
2242 2.16856231031e-05
2243 1.55116630694e-05
2244 -2.07830099708e-05
2245 3.74070058522e-06
2246 2.61226121318e-05
2247 -1.47068910022e-05
2248 2.95963003522e-05
2249 -2.18959179093e-05
2250 4.01563268896e-05
2251 -0.000106348028282
2252 1.73796729842e-05
2253 1.9384138329e-05
2254 -5.94860959632e-05
2255 1.71423533226e-05
2256 -1.5383309702e-05
2257 -0.000105871511135
2258 -2.62869896068e-05
2259 -2.50586724775e-05
2260 2.57123733037e-06
2261 1.51364963047e-05
2262 -6.63793107559e-06
2263 -1.03630418356e-06
2264 -4.57355821496e-05
2265 -3.90871065343e-05
2266 1.39198229225e-05
2267 -1.71418678296e-05
2268 9.26250960934e-06
2269 -1.7951753036e-05
2270 -1.19359982147e-05
2271 1.96080853443e-05
2272 -1.72631576803e-05
2273 -7.43637063365e-06
2274 -9.97321408493e-06
2275 -8.64700137513e-06
2276 -1.77014375014e-05
2277 -1.23522895696e-05
2278 -1.78646625934e-05
2279 -1.61261048495e-05
2280 -5.73136294348e-05
2281 -4.69083620083e-05
2282 9.05968676484e-07
2283 -3.96244064616e-05
2284 -1.04599385975e-05
2285 -1.3321065765e-05
2286 -3.31617328717e-05
2287 1.72698859186e-05
2288 -1.04063374392e-05
2289 -5.38347398108e-06
2290 1.64592818014e-05
2291 7.45447803677e-06
2292 -6.66130963221e-06
2293 6.04770142811e-06
2294 -2.55539445467e-06
2295 -8.47350083544e-06
2296 -1.20873266659e-05
2297 1.21992563112e-05
2298 1.0110644339e-05
2299 -9.84245584733e-06
2300 -2.6489174435e-05
2301 7.06052178407e-05
2302 -1.73705864549e-05
2303 -5.92033692502e-05
2304 -1.51152916349e-05
2305 -6.73823250035e-06
2306 3.25601679927e-05
2307 -9.49595027235e-05
2308 -3.53925410678e-05
2309 -4.53628760983e-05
2310 2.7171601635e-05
2311 -9.62651753281e-06
2312 -2.91590793721e-06
2313 1.34917583441e-05
2314 -2.211666864e-05
2315 4.91584168574e-06
2316 1.17663551525e-05
2317 -3.78467768239e-06
2318 -1.98458243686e-05
2319 6.88439516827e-06
2320 2.00256888869e-05
2321 2.09851084299e-05
2322 -1.9944675641e-05
2323 6.43965510224e-06
2324 -1.41079426705e-05
2325 -3.93965083757e-05
2326 -1.19222274661e-05
2327 1.79386654759e-05
2328 7.27224280595e-06
2329 -1.77208707622e-05
2330 -4.94842932173e-05
2331 -2.54258838259e-05
2332 1.7260895772e-05
2333 -2.15417115616e-05
2334 -7.77631029741e-06
2335 -2.31604216719e-05
2336 -2.48490144416e-05
2337 5.68797758435e-06
2338 -1.04894331225e-05
2339 1.92829632164e-05
2340 3.47918507844e-05
2341 1.56375417241e-05
2342 -1.09544325415e-05
2343 2.39125026176e-06
2344 -8.82009684328e-06
2345 2.10551402714e-05
2346 1.14216043178e-05
2347 2.55626247584e-05
2348 8.57294338451e-06
2349 -2.12307874042e-05
2350 -0.000156913624544
2351 0.000103589345056
2352 5.26946657077e-05
2353 -4.60740999771e-05
2354 -2.01264723797e-05
2355 -1.71011711779e-05
2356 2.95459948597e-05
2357 -1.20728427403e-05
2358 -5.09510932672e-05
2359 -1.06293572451e-05
2360 5.75175873218e-06
2361 1.55983835042e-05
2362 -4.78471539919e-05
2363 5.02020169182e-05
2364 2.57687328678e-05
2365 2.18732726599e-05
2366 1.1137041004e-05
2367 1.06269080996e-05
2368 -1.88195559568e-05
2369 6.45616999894e-06
2370 1.94982832131e-05
2371 2.49600276348e-05
2372 -4.92074926919e-06
2373 -1.06533153919e-05
2374 -1.06803848563e-05
2375 -1.12202323933e-06
2376 -1.16058525805e-05
2377 -2.48880120169e-05
2378 -8.05155182229e-06
2379 2.38093916542e-05
2380 -1.10451508314e-05
2381 9.2853622416e-06
2382 -2.1595801664e-05
2383 -7.2545946646e-06
2384 -1.0630145354e-05
2385 -4.49815555683e-05
2386 -1.58666064795e-05
2387 2.09079285608e-05
2388 -5.18068951318e-06
2389 1.54573917865e-05
2390 5.7282330021e-06
2391 -6.65692704946e-07
2392 1.1131007439e-05
2393 8.64921544483e-06
2394 4.04595671222e-06
2395 2.60733049995e-05
2396 -6.20721272912e-06
2397 2.4331347181e-05
2398 7.90461660403e-06
2399 -6.02865175426e-06
2400 -3.80710294198e-05
2401 -4.14706592248e-05
2402 3.55350995373e-05
2403 8.1208662583e-05
2404 4.47253465392e-06
2405 8.41062236616e-06
2406 3.62108718647e-06
2407 1.71836078964e-06
2408 -5.51413752883e-05
2409 -1.22799858004e-06
2410 4.03632924238e-05
2411 1.75680566937e-05
2412 -1.01895364251e-05
2413 1.85701139794e-05
2414 1.23667066056e-05
2415 1.72414042693e-05
2416 1.02739650845e-05
2417 1.62059307331e-05
2418 1.44247075154e-05
2419 -2.23616078973e-05
2420 -9.1115320076e-06
2421 1.03934364622e-05
2422 2.07321955143e-05
2423 -2.51298648145e-05
2424 -8.99878259285e-06
2425 -1.9712083168e-05
2426 -2.84347086679e-05
2427 -2.4086262e-05
2428 -2.69985601014e-06
2429 2.41457932189e-05
2430 -2.34317752332e-06
2431 -3.9572141896e-06
2432 -1.60487679038e-05
2433 6.27093227157e-06
2434 -9.52211089267e-06
2435 -2.97015661058e-05
2436 -1.30081973847e-06
2437 1.50617656893e-05
2438 -5.13058999169e-06
2439 2.95862874856e-05
2440 -1.69187629244e-06
2441 -1.46959661443e-05
2442 6.97145687256e-06
2443 -9.60112712959e-06
2444 -6.17607124239e-06
2445 2.18340757704e-05
2446 5.24115872909e-06
2447 1.35831916936e-05
2448 -5.66765502825e-06
2449 2.31665341967e-06
2450 6.57482054513e-05
2451 -8.1209643705e-05
2452 0.000174384517831
2453 0.00015633341492
2454 7.25451455008e-05
2455 2.33492319927e-05
2456 1.66398449194e-05
2457 -9.36336035598e-06
2458 -2.06853957085e-05
2459 -3.21378118843e-05
2460 8.43409252763e-06
2461 3.57627387849e-05
2462 -1.64154691841e-05
2463 -5.42022505128e-05
2464 2.14002773311e-05
2465 1.94444981811e-05
2466 3.87378839503e-06
2467 2.86447496147e-05
2468 1.85112224889e-06
2469 -1.04752153133e-05
2470 -2.35826184873e-05
2471 5.16866416806e-07
2472 -3.80495213587e-08
2473 -2.68376117685e-05
2474 -2.96327506488e-07
2475 5.48032448199e-06
2476 -7.04699730256e-06
2477 -1.03954641533e-06
2478 -1.10526874662e-05
2479 1.8412254893e-05
2480 -2.11263753581e-05
2481 -1.73492431681e-05
2482 -9.89908806596e-06
2483 -5.08821265685e-06
2484 -2.36194560493e-05
2485 -3.59082254375e-05
2486 -1.393831934e-05
2487 -9.92107100361e-06
2488 -2.92784552131e-05
2489 1.01756571265e-05
2490 1.20282352928e-05
2491 -3.7911932541e-05
2492 1.01388171045e-05
2493 -3.50275216595e-06
2494 2.4490992553e-05
2495 1.05745008055e-05
2496 -8.099203583e-06
2497 1.46963508286e-05
2498 -1.57432360145e-06
2499 -3.10597626149e-06
