0 0.00209963
1 -0.00010479
2 0.000439605
3 -0.000168316
4 0.000517517
5 -0.000532756
6 -4.38664e-05
7 3.94051e-05
8 -0.00014391
9 -0.000193884
10 0.000131525
11 0.000255115
12 -0.000122643
13 0.000122881
14 -0.000113008
15 -0.000281943
16 0.000844126
17 0.000973427
18 0.000297375
19 -5.37895e-05
20 0.000413032
21 0.000113289
22 4.11645e-05
23 -9.7817e-05
24 6.41385e-05
25 0.000143662
26 -5.02206e-05
27 9.53912e-05
28 0.000185386
29 -7.0343e-05
30 -0.00029767
31 -0.000148566
32 -0.000121086
33 0.000850571
34 0.000532542
35 0.000403129
36 0.000573238
37 -0.000234845
38 0.000330143
39 -0.000219726
40 0.000177825
41 -0.000135954
42 -6.48852e-05
43 -0.000138697
44 -0.000399968
45 -0.000197621
46 -0.000132067
47 -0.000143083
48 0.000219084
49 0.00073902
50 0.000835291
51 8.22776e-05
52 -5.95704e-05
53 0.000202081
54 0.000418356
55 0.000106616
56 0.00024245
57 -0.00016923
58 -1.49319e-05
59 -7.38947e-06
60 -0.000412539
61 0.000182591
62 -0.00038285
63 -8.20473e-05
64 0.000995038
65 0.00101921
66 0.000360142
67 0.00049262
68 0.000170397
69 -0.000261144
70 0.00060414
71 -0.000126166
72 -0.000136778
73 0.000253126
74 0.00038633
75 -0.000108611
76 -0.000178531
77 0.000449143
78 -4.35335e-05
79 -9.05648e-05
80 0.000151161
81 0.000524499
82 0.00090986
83 0.000284663
84 5.17398e-05
85 0.000165596
86 -6.75956e-05
87 0.000394218
88 0.00013246
89 1.72058e-05
90 0.000153645
91 -0.00019753
92 0.000100526
93 3.60133e-05
94 -0.000190951
95 -0.000170704
96 0.00171873
97 0.00083686
98 0.000288534
99 -0.000569854
100 -0.000226315
101 -4.25113e-05
102 -0.000168329
103 3.56729e-05
104 4.09105e-05
105 0.000132745
106 -0.000440277
107 0.000114916
108 -0.000238052
109 0.000168615
110 4.34729e-05
111 -0.000268998
112 0.000251054
113 -0.000152049
114 0.000458217
115 0.000932216
116 -0.00025984
117 0.000391621
118 -0.0002374
119 0.000120409
120 -6.50961e-05
121 0.000143366
122 0.000202229
123 6.39075e-05
124 2.6665e-05
125 -0.000295562
126 -9.9304e-05
127 -0.000286577
128 0.000989779
129 0.000780985
130 0.000185864
131 0.000942878
132 0.000467709
133 0.000395962
134 0.000391606
135 -0.000382399
136 0.000211551
137 -0.000159286
138 0.000334763
139 -3.97174e-05
140 -0.000323125
141 0.000144455
142 -0.000256933
143 -0.00036589
144 0.00106336
145 0.00130677
146 0.00121106
147 0.00121203
148 0.000575552
149 0.000392307
150 0.000529514
151 0.000297089
152 -3.44241e-05
153 -2.84491e-05
154 0.000102716
155 -9.11975e-05
156 -0.000326283
157 -0.000162024
158 -0.000242739
159 -0.000289807
160 0.00206534
161 0.0019842
162 0.00116876
163 0.00082754
164 -4.37796e-05
165 0.000113923
166 0.00023955
167 0.000102954
168 9.68847e-06
169 -0.000286857
170 -0.000501655
171 0.000211356
172 -9.97607e-05
173 -0.00027007
174 -0.000444909
175 -0.000179934
176 0.00244041
177 0.0025358
178 0.000799761
179 0.000275022
180 -0.00029334
181 0.000658626
182 0.000255682
183 -0.000237879
184 -7.18689e-05
185 -0.000103752
186 -0.000131753
187 -0.000168975
188 -0.00012375
189 -0.000309221
190 -0.000417709
191 6.94212e-06
192 0.0036873
193 0.000991264
194 -0.000529706
195 -0.000119471
196 -0.000523835
197 -0.000360206
198 -0.000183506
199 1.44987e-05
200 -0.000575572
201 -0.000327378
202 -0.000455816
203 -0.000241355
204 0.000137376
205 -0.000363401
206 -0.000264372
207 -0.000264537
208 -0.00170065
209 -0.000662616
210 -0.00165073
211 -0.00144694
212 -0.00120153
213 -0.000674647
214 -0.000726964
215 -0.000159685
216 -0.000511539
217 -0.000347711
218 -7.90125e-05
219 -9.62708e-05
220 -0.000154769
221 -3.56435e-06
222 0.000125891
223 -0.000183221
224 -0.00469346
225 -0.00725773
226 -0.00454686
227 -0.00293519
228 -0.00199269
229 -0.00108914
230 -0.00160017
231 -0.000932389
232 -0.000717172
233 -0.000388686
234 -0.000165672
235 -0.000390616
236 -0.000378845
237 -6.86128e-05
238 -0.000258615
239 -8.31693e-05
240 -0.0357712
241 -0.0178813
242 -0.00931562
243 -0.00417838
244 -0.00227846
245 -0.00144516
246 -0.00136734
247 -0.000691414
248 -0.000791235
249 -0.000213974
250 -0.0001515
251 -0.000394811
252 -0.000129285
253 5.94762e-06
254 -0.0005079
255 -0.000192896
256 -0.040574
257 -0.0179921
258 -0.00983651
259 -0.00494994
260 -0.00312405
261 -0.00192153
262 -0.00113711
263 -0.000557266
264 -0.000570307
265 -0.000673349
266 -0.0002248
267 -0.000575694
268 -0.000376586
269 -0.000291855
270 -0.000599853
271 0.000257778
272 -0.0139052
273 -0.00949234
274 -0.00588924
275 -0.00318727
276 -0.00182463
277 -0.00164621
278 -0.00121662
279 -0.000369494
280 -0.000608249
281 -0.000212781
282 -0.000446403
283 -0.000414089
284 -0.000240151
285 -3.14999e-05
286 -0.000383194
287 9.4662e-05
288 0.000494311
289 -0.00236219
290 -0.00218601
291 -0.00182221
292 -0.00125045
293 -0.000705499
294 -0.000771703
295 -0.000567479
296 -0.000113867
297 -8.48569e-05
298 -0.000471817
299 -0.000155938
300 -0.000276072
301 -0.00015885
302 -0.000504605
303 -7.87939e-05
304 0.00516057
305 0.000992942
306 0.00012264
307 -0.00111586
308 -0.000206909
309 -0.00066103
310 -0.000441108
311 -0.000556315
312 -0.000127014
313 -0.00025746
314 -0.000680965
315 -4.36158e-05
316 6.36007e-05
317 -9.0749e-05
318 -4.38408e-05
319 0.000262757
320 0.00352474
321 0.00172891
322 0.000728503
323 0.00024157
324 0.000489649
325 -0.000188481
326 -7.87442e-05
327 -0.000142388
328 -2.62812e-05
329 -0.000293599
330 -0.000135097
331 -0.000260842
332 -0.000555676
333 -5.65025e-05
334 8.97378e-05
335 -0.000144198
336 0.0050989
337 0.00187369
338 0.001134
339 0.000569305
340 -6.12721e-05
341 0.00028887
342 0.00031686
343 -0.000261435
344 0.000139924
345 -9.02697e-05
346 -0.000429324
347 -0.000297065
348 -0.000170445
349 -9.15778e-05
350 -0.000253444
351 -3.59038e-05
352 0.0034643
353 0.00224958
354 0.00149184
355 0.000776007
356 0.000812099
357 -0.00044945
358 -1.27103e-05
359 0.000239052
360 -0.000935484
361 -0.000528652
362 -0.000205724
363 -0.000229133
364 0.000479911
365 -0.00019009
366 -0.00017133
367 8.35041e-06
368 0.00213846
369 0.00238941
370 0.000744016
371 0.000394456
372 0.000807181
373 0.000225578
374 -0.000101563
375 -0.000170878
376 -0.000395987
377 -0.000141019
378 9.18789e-05
379 -0.00033185
380 -0.00014527
381 -0.000131934
382 -0.000218099
383 -3.27791e-05
384 0.00173004
385 0.00253926
386 0.000388224
387 0.00130565
388 -0.000329885
389 0.000537806
390 0.000146364
391 -7.95299e-05
392 -0.000272687
393 0.000297984
394 -0.000214719
395 -9.49811e-05
396 0.000110713
397 0.000369433
398 -9.36645e-06
399 -0.000220797
400 0.00119894
401 0.000702774
402 -0.000376223
403 0.00024715
404 5.92322e-05
405 -6.34414e-05
406 0.00018319
407 0.000218172
408 -1.08462e-05
409 0.000251828
410 -0.000316446
411 -4.67913e-05
412 -6.31896e-05
413 -3.49029e-05
414 -0.000131836
415 0.000169605
416 0.000845606
417 0.000999359
418 -0.000146306
419 0.000456943
420 0.000597375
421 -6.40664e-05
422 4.23249e-05
423 7.83539e-05
424 0.000427779
425 0.000210081
426 -0.00029334
427 -7.41786e-05
428 6.20446e-05
429 0.000246344
430 0.00034639
431 0.000105977
432 -0.00108478
433 0.00184087
434 0.000529553
435 0.000639581
436 0.000339799
437 -0.00068496
438 -2.43391e-05
439 0.000307419
440 0.000232584
441 -3.75624e-06
442 -0.000414031
443 0.00022729
444 0.000162874
445 9.15431e-05
446 -9.28188e-05
447 -0.000138817
448 0.00272257
449 0.000652098
450 0.000488264
451 2.62217e-05
452 0.000404876
453 -0.000211024
454 0.000510098
455 0.000271556
456 8.66961e-05
457 0.000264995
458 6.24081e-05
459 -0.000278315
460 0.000387302
461 -3.57388e-05
462 -0.000200333
463 -0.000214308
464 0.000436168
465 0.000692227
466 0.000526774
467 0.000300043
468 0.000626933
469 0.000316022
470 1.95155e-05
471 0.000190042
472 -0.000501366
473 0.000560898
474 -0.000195891
475 0.000156358
476 2.45386e-05
477 -9.21613e-05
478 0.000202374
479 -0.000175519
480 0.00183761
481 0.000116828
482 -0.000256437
483 0.000340642
484 -6.45666e-05
485 0.00030754
486 -0.000113004
487 -0.000227216
488 -0.000159368
489 0.00019366
490 0.000212416
491 0.000306039
492 2.78209e-05
493 0.00036773
494 0.000310578
495 6.56307e-05
496 0.00120302
497 0.00068473
498 0.000137047
499 -1.92412e-05
500 -0.000252664
501 0.000197333
502 -0.000444195
503 0.000175342
504 3.98717e-05
505 0.000179308
506 -9.59548e-05
507 0.000231297
508 -7.61153e-06
509 0.000188356
510 -7.05037e-06
511 -0.000403685
