0 0.005792385767908045 
1 0.0044705482811174466 
2 0.0038211579351494912 
3 0.0029756466610698033 
4 0.0018630459545829758 
5 0.00046700648661088251 
6 0.0020017871216949333 
7 0.00032495969768530156 
8 0.0017350576260234257 
9 0.0012902965827387668 
10 0.00028918732401611233 
11 0.0011317330330780223 
12 0.00048637714306947648 
13 0.00063407826711339493 
14 -0.00077896565494530237
15 0.00070442293734686648 
16 5.4262623655982993e-05 
17 -0.00029307315220043414
18 0.00038085519749937388 
19 0.00014920540550514977 
20 -0.00069131341889142051
21 3.0161163666501262e-05 
22 0.00038182368355818216 
23 -0.00045269494366975693
24 4.8145052456592327e-05 
25 0.00019872336583360087 
26 -0.00050452925361830353
27 2.7388095873092169e-05 
28 0.00039336713015598011 
29 -0.0006421264488770187 
30 -3.167336408985838e-05 
31 0.00037448456498484842 
32 -0.00046832962895702879
33 -0.00022798648323066155
34 0.00049241891438053104 
35 -0.001279101855330797 
36 -0.00030300646119879246
37 0.0004490121262079802 
38 -0.0015151294906000853 
39 -0.00012358464222425505
40 0.00047162196005401218 
41 -0.00086367870749610304
42 -0.00030190813317509946
43 0.00068126526606781396 
44 -0.0014401379160102201 
45 -9.2237151357057318e-05
46 0.00030408736353776389 
47 -0.00042574378782542222
48 -0.00037430281593849556
49 0.00054190053625780346 
50 -0.0010618760380713549 
51 -3.4755571835401108e-05
52 0.00014322623107638696 
53 -0.00069710219529225265
54 0.003350952073308446 
55 0.0038961569845412727 
56 0.0028551493053403411 
57 0.0016445103907412016 
58 0.0017156647833875133 
59 0.00025052241497269812 
60 0.00112719609686704 72
61 0.00037805525191943364 
62 0.0015965557334919889 
63 0.00062156113613737185 
64 0.00031866454860181651 
65 0.0011275660563471596 
66 7.5586424361382125e-05 
67 0.00062345310513257468 
68 -0.00094609257284152589
69 0.00038605625420818669 
70 5.6748369606242875e-05 
71 -0.00041175638518009192
72 0.00020595968873817622 
73 0.00017377103349868611 
74 -0.0006800620220822895 
75 -1.8407164086284289e-05
76 0.00040391349963585926 
77 -0.00039227330096826274
78 0.00010783387172835432 
79 0.0001911812072436913 
80 -0.00044402350303709287
81 0.00011342005195878573 
82 0.00040589246152512685 
83 -0.00069160994562915412
84 8.3348478647458923e-06 
85 0.00036308919085851696 
86 -0.00048332479190306421
87 -0.00019144383123884806
88 0.00049717205698813702 
89 -0.0012174744649644381 
90 -0.00028150647749403818
91 0.00045926550792756669 
92 -0.001492993775586253 
93 -0.00011317460298780092
94 0.0004226381700425056 
95 -0.00083250019135504977
96 -0.00026815772935665644
97 0.00066880660974736467 
98 -0.0014674360134350195 
99 -9.5633003655459098e-05
100 0.00029584577542032114 
101 -0.00045591288321407408
102 -0.00036999659344558698
103 0.00054745750467243698 
104 -0.0010978235800579786 
105 -5.0071041477379313e-05
106 0.00015121437004661509 
107 -0.00066523054916819285
108 0.00070469615182155564 
109 0.0021256861720203701 
110 -0.0001534298222986355 
111 0.00083147838261470562 
112 0.0013152933710915173 
113 -0.00043152749320439499
114 0.00062159895401212896 
115 0.00032760806369973305 
116 0.0014861344495606769 
117 0.0004458957041967096 
118 0.00022661481196786099 
119 0.0011178846130815989 
120 -6.5537282317151054e-05
121 0.00066376793508214594 
122 -0.00086945185171973297
123 0.00030100257592740806 
124 -2.1827343157540015e-05
125 -0.00039879888886321449
126 0.00014448806012845594 
127 0.00017140401815658041 
128 -0.00063622720918560249
129 -8.383961836972223e-05 
130 0.00032876023761408205 
131 -0.00041807010039777992
132 3.3366247074777255e-05 
133 0.00019971609741753146 
134 -0.00046869182413256105
135 4.3306121229201924e-05 
136 0.00041857644742894495 
137 -0.00060959016721497117
138 -2.6673348675010367e-05
139 0.00041015335902394937 
140 -0.00039992203790535641
141 -0.00018908953051816231
142 0.00049468680886539246 
143 -0.0013200278477334959 
144 -0.00032200139374722984
145 0.00046222678652342933 
146 -0.001511150085721516 
147 -7.475008611465897e-05 
148 0.00040184515221831571 
149 -0.00083671389083978323
150 -0.00024732797121182482
151 0.00066326100508926761 
152 -0.0014183758102746108 
153 -4.5372555684850685e-05
154 0.00028076182889795465 
155 -0.00035856767669448231
156 -0.00036304807574824051
157 0.00055743684769533897 
158 -0.0010983327369698259 
159 -6.5554494709425121e-05
160 0.00015596160857625149 
161 -0.00075502323520534875
162 1.7255790762372991e-05 
163 0.00097472615821532667 
164 -0.0019704395687854641 
165 0.00027261894581961064 
166 0.00088115525979745243 
167 -0.0011299830984091777 
168 0.00039013183459192524 
169 0.00017763507400433629 
170 0.0012383357480905445 
171 0.00025897016248875582 
172 0.00022856054001449411 
173 0.00092823171958571205 
174 -0.00020719309620165498
175 0.00065171298580835296 
176 -0.00094492080723088167
177 0.00022246703081454672 
178 1.0095035933364686e-05 
179 -0.00060750218216114663
180 0.0002031690773079825 
181 0.00014422613644506088 
182 -0.00069769628302898679
183 -2.0322527214480107e-05
184 0.00030909475559224436 
185 -0.00048451157414582113
186 -6.8445568131170892e-06
187 0.00019509266477417755 
188 -0.00049825429550979378
189 4.5214552715999723e-05 
190 0.00040558234777649145 
191 -0.00054633294381128961
192 -1.3869954112235086e-05
193 0.00039789080176925312 
194 -0.00040412085413542298
195 -0.00012788557859377998
196 0.00046383054737480015 
197 -0.0013676110420703727 
198 -0.00027376307679204993
199 0.00044414699787358874 
200 -0.0014942075721718975 
201 -0.0001229926140829769 
202 0.00045494022259366142 
203 -0.00090876880653050635
204 -0.00022187117294070885
205 0.00065776257307818137 
206 -0.0013751840363539491 
207 -3.8309221446403141e-05
208 0.0002742332805467651 
209 -0.00034157007533246186
210 -0.00037976860334047735
211 0.00058424880350696311 
212 -0.0010452667670515989 
213 -9.0465363199081564e-05
214 0.00015339735210687794 
215 -0.00077771130399402477
216 -0.00011789490562149479
217 0.00037170061700806008 
218 -0.0028861301514509115 
219 -6.9657843081489049e-05
220 0.00061369942878375036 
221 -0.0017326483889240976 
222 0.00016713605557354318 
223 2.5191167586957261e-05 
224 0.0010953716531001099 
225 0.00012812397254411551 
226 0.0001676379901480729 
227 0.00072144278772630355 
228 -0.00013584897189630838
229 0.00054205851344789877 
230 -0.00098454070718447537
231 0.00020327554473951147 
232 -1.1214347519651786e-05
233 -0.00055341109026799118
234 0.00015755604310494983 
235 8.4581335932511215e-05 
236 -0.00064056748790122797
237 -5.1446469143227869e-06
238 0.00030340912000209261 
239 -0.00043927721240046014
240 -4.0771375673369359e-05
241 0.00023370548417205733 
242 -0.00038244129732178944
243 -2.4550406468471647e-05
244 0.00039297621054135493 
245 -0.00046122993836512222
246 -5.7830616240555147e-05
247 0.00038600036040432537 
248 -0.00037994547047280613
249 -0.00022661215599442328
250 0.00051763249329742772 
251 -0.0013357342627356994 
252 -0.00025182019518370929
253 0.00046132616448409623 
254 -0.001395939627169912 
255 -0.00011780971279857534
256 0.00042710334166372148 
257 -0.00096292964668948794
258 -0.00027407162054593134
259 0.00063477079817473442 
260 -0.0012862260816502574 
261 -3.9821417574331663e-05
262 0.00027208993868572257 
263 -0.00041121932512463988
264 -0.00040300646286327464
265 0.00061207146663287346 
266 -0.00098697962455787658
267 -0.00010108958835327621
268 0.00015736251005451021 
269 -0.00083439770309765016
270 -6.2288960340608872e-05
271 0.00012906765523938712 
272 -0.0031893185947146768 
273 -3.7892675493247582e-05
274 0.0003103653476086328 
275 -0.0018719194167008193 
276 7.3888866808939115e-05 
277 -4.6651851592282786e-05
278 0.00083966171273675352 
279 0.00011922255266707746 
280 8.0035354044376283e-05 
281 0.00062072129664444975 
282 -0.00020929585612501395
283 0.00053873592218385276 
284 -0.00097200771431478808
285 0.00016674745951131449 
286 -2.4854463521327592e-05
287 -0.00056438790867623795
288 0.00013496129424947489 
289 9.3452255336495815e-05 
290 -0.00066048467232039665
291 -9.3120751082392816e-05
292 0.00031048751447620287 
293 -0.00032319671051096732
294 -8.2298413601281442e-05
295 0.00025631600367332502 
296 -0.00023989235166484851
297 -4.0781275295262431e-07
298 0.00036237946903923922 
299 -0.00038514531408316566
300 -7.0188547185380881e-05
301 0.00039210091820705145 
302 -0.00035350962831147414
303 -0.00025357336535841886
304 0.00051334386114147354 
305 -0.0012668512546322036 
306 -0.00034380955818982296
307 0.0004871274366169704 
308 -0.0014517920774822987 
309 -0.00014325594966391013
310 0.00040094073851813447 
311 -0.00090726071190377552
312 -0.00026631412535826557
313 0.00067605144899140351 
314 -0.0012719414821667774 
315 -8.5247095626954372e-05
316 0.00027922067580229276 
317 -0.00055773520176569114
318 -0.00036794978223223147
319 0.0005431583770280652 
320 -0.00089303006340804569
321 -4.697000508113551e-05 
322 0.00013439157035576368 
323 -0.0008174605712319219 
324 -5.4636569534247288e-05
325 -0.00011758686011013007
326 -0.0030411879446259824 
327 -0.00011959167531196829
328 0.00027841789675765727 
329 -0.0021626778696624063 
330 0.00010114772765526352 
331 -0.00023558771668609826
332 0.00069139100939418635 
333 2.18542819292733e-06 9
334 5.7323199066969255e-05 
335 0.00055381585401750866 
336 -0.00027733285913051785
337 0.00054083281223035599 
338 -0.0011086503268639856 
339 0.00017797685558466544 
340 -5.8311777362232871e-05
341 -0.00053749208805046675
342 9.4253954908314619e-05 
343 0.00011758218534152487 
344 -0.00060741750705660402
345 -3.1057504104647915e-05
346 0.00025603890556043229 
347 -0.00036509420014051164
348 -3.596945841984403e-05 
349 0.00021630931989481336 
350 -0.00030919150337997692
351 -7.769218277505624e-05 
352 0.00043393229451578127 
353 -0.00048270028488485439
354 -1.4720377977530535e-05
355 0.00037243965403676096 
356 -0.00036915094607196941
357 -0.00021730019948975818
358 0.00049449662901616606 
359 -0.0012870790889059069 
360 -0.00032411340811955118
361 0.00045632156541524325 
362 -0.0015159412760211294 
363 -0.00013945391322659189
364 0.00039553322990089866 
365 -0.00080939236288520705
366 -0.00025095830552847656
367 0.00068914678823514541 
368 -0.0012958859178518328 
369 -6.9938181236576386e-05
370 0.00027639157721937729 
371 -0.00037496712275750244
372 -0.00036646251378730059
373 0.00055395393879460741 
374 -0.00083486281663165685
375 -7.1392241205642248e-05
376 0.00018163840430187109 
377 -0.00082130932786429051
378 -0.00020513908327906595
379 -5.6366731956877456e-05
380 -0.0029881225468248417 
381 -0.00018226923179714798
382 0.00012548310097033541 
383 -0.0021006148864751301 
384 -6.1531611805477025e-05
385 -0.00019453108365509279
386 0.00080931553017275434 
387 -7.4763259203317056e-06
388 4.8307476610477684e-05 
389 0.0004067420157482099 
390 -0.00029895755860193969
391 0.00052092668712138573 
392 -0.0010606983104657463 
393 0.00012403806198595622 
394 -0.00011355547519926665
395 -0.00050914926532786425
396 3.9034776733771342e-05 
397 0.00010363902470258285 
398 -0.00060288815379276606
399 -4.7888778449915043e-05
400 0.00028006225934263176 
401 -0.00030910526234283198
402 -6.3142366407413497e-05
403 0.00018912785157783503 
404 -0.00035112675824088696
405 -7.2549598492920031e-06
406 0.00038788800222249765 
407 -0.00050541929751407588
408 -3.4980715146116365e-05
409 0.00036643208308101069 
410 -0.00039099673367790078
411 -0.00022617693034826525
412 0.0005046185083349003 
413 -0.0013290413624135883 
414 -0.00032297970779709799
415 0.00049143428969676203 
416 -0.0014672569108905298 
417 -0.00013387474332599188
418 0.00039546705691306978 
419 -0.00084566390760063351
420 -0.00025738056609992885
421 0.00066384699571551964 
422 -0.0012502736053991714 
423 -6.4823039501817059e-05
424 0.00027242447057757718 
425 -0.00044353548813245991
426 -0.00037149241132774027
427 0.00059981656438057654 
428 -0.00089940656855662382
429 -5.5403746517902058e-05
430 0.00014619894530076838 
431 -0.00081863552271706219
432 -0.00025738950022006612
433 2.2647770250582705e-05 
434 -0.0032303814470155574 
435 -0.00021376073779882758
436 0.0001525344616648272 
437 -0.0021625330817983124 
438 1.2972026986962995e-06 
439 -0.00030873421172974459
440 0.00071829528623321148 
441 0.00012691008900210521 
442 -5.0074622257121476e-05
443 0.00036933008671720391 
444 -0.000379834181496463 
445 0.00052264590677052864 
446 -0.001126367384818438 
447 0.00014479989230420463 
448 -0.00012134098177771484
449 -0.00043441881377538627
450 4.0813674337333156e-05 
451 7.4401157115114303e-05 
452 -0.00063378709231950991
453 -5.4185879660013231e-05
454 0.00028959875846499769 
455 -0.00027834360623346655
456 -2.4706165392693671e-05
457 0.00020610330869450313 
458 -0.00047031917662185979
459 -3.5470055697888261e-05
460 0.00034938933318238476 
461 -0.0005424522127383119 
462 -9.6527361928189573e-05
463 0.00037776177250209431 
464 -0.00034994169567922895
465 -0.00023538463896209151
466 0.00048023675788964534 
467 -0.0013282612328578761 
468 -0.00035850356956914665
469 0.00049457511078618115 
470 -0.0014458590918452613 
471 -0.00014334355116924803
472 0.00036618997966251371 
473 -0.00078561979975886806
474 -0.00025543532252505358
475 0.00062991970277443549 
476 -0.0013285422044467116 
477 -9.5333392939600525e-06
478 0.00023510397897649055 
479 -0.00052762673900230705
480 -0.00039640440406397796
481 0.00060377742050949507 
482 -0.0010058113063464921 
483 -7.9892064951446809e-05
484 0.00019456074803553616 
485 -0.00080423853530561112
486 -0.00016162297535929782
487 0.00010856860285550843 
488 -0.0030796432229950876 
489 -0.00025093041478279482
490 0.00022644626566913767 
491 -0.0024488976014518382 
492 6.115474974187525e-05 
493 -0.00033159905260116834
494 0.00073998702319733739 
495 5.3425865009140011e-05 
496 -9.6806619661923832e-05
497 0.00028670182179238446 
498 -0.00036468213193041453
499 0.00053039947907903911 
500 -0.0010842185875825101 
501 0.00011017744479396591 
502 -0.00012538099557245219
503 -0.00044097288311850669
504 3.4499585705935476e-07 
505 9.4100988276467346e-05 
506 -0.00068465014104296396
507 -4.9359940840914412e-05
508 0.00027901318779766093 
509 -0.00023536789216828391
510 -4.1983896222281061e-05
511 0.00017842777878046903 
512 -0.00042915548539254611
513 -3.5812612225131352e-06
514 0.00036982433623502717 
515 -0.00053213787914421773
516 -7.1171894866750227e-05
517 0.00035510400140948209 
518 -0.00024156203129448162
519 -0.00022152657932991877
520 0.00046831598484669765 
521 -0.0014966077362435978 
522 -0.00034561509232769287
523 0.00047691977834688447 
524 -0.0013979482559714693 
525 -0.00019617309728788522
526 0.00037018652748692198 
527 -0.00076106562898483124
528 -0.00025693242826944906
529 0.00061550906546212203 
530 -0.001294450165936975 
531 -6.25679473076797e-05 
532 0.00023787536821986976 
533 -0.00050701871956920774
534 -0.00034343372257420943
535 0.00060496295042399006 
536 -0.0010537704314058302 
537 -7.2838170116336365e-05
538 0.00019618792058627432 
539 -0.00074307555676468573
540 -0.00026285573088553112
541 0.00030513744998038328 
542 -0.0028677323866936298 
543 -0.00019576812048639584
544 0.00023382159872831557 
545 -0.002340770541201985 
546 8.3948621413835675e-05 
547 -0.00034778772949546968
548 0.00071137714100199048 
549 5.8273735782796848e-05 
550 -6.3333983265686372e-05
551 0.00021038780737847596 
552 -0.00034942153862193632
553 0.00047694449941790317 
554 -0.0010954130896191777 
555 0.00019803354464421278 
556 -0.00014341306100820132
557 -0.00043557136392635351
558 7.3729072618392011e-05 
559 6.1302952218920959e-05 
560 -0.0006733972416213263 
561 -4.8491451580017636e-05
562 0.00029056835702545927 
563 -0.00030214870499831181
564 -6.4641111936662027e-05
565 0.00018582159535804159 
566 -0.00038228743069138038
567 -8.3888187125437386e-07
568 0.0003644727258485022 
569 -0.00055187554070738193
570 -0.0001195518100021685 
571 0.00036921372855740903 
572 -0.00024880423205170255
573 -0.00018762682082382708
574 0.00042299004683349697 
575 -0.0014111504618214837 
576 -0.00034690170728096485
577 0.00043571005592624168 
578 -0.0014127140438725816 
579 -0.00012433590077577661
580 0.00036173421634396949 
581 -0.00082911414640913367
582 -0.00029343536810830587
583 0.00060462734006263424 
584 -0.001318614286155026 
585 -4.4569623351004006e-05
586 0.00025913246340317914 
587 -0.00054736723830524359
588 -0.00034826746684728759
589 0.00056853380530397062 
590 -0.0010006735181568166 
591 -0.0001303943388447984 
592 0.00022006532308288876 
593 -0.00075733077364889545
594 -0.00023970722039288583
595 0.00040875790848782234 
596 -0.0027594413284561178 
597 -0.00022069496948428496
598 0.00033708279257667687 
599 -0.0021527987606997298 
600 0.0001479516342592661 
601 -0.00034216566437705181
602 0.00048170737649065251 
603 0.0001367305715560263 
604 -8.8378902879621829e-05
605 0.00013352075912741179 
606 -0.00030716639314953397
607 0.00046421632603016406 
608 -0.0011362807323351694 
609 9.6172149802076397e-05 
610 -0.00014532679012721917
611 -0.00050549609189367434
612 -4.6136413790424241e-05
613 0.00016250217390924304 
614 -0.00076611790900703303
615 -8.7970976882106172e-05
616 0.00030471148858804767 
617 -0.00040851457492603604
618 -6.5537316239811308e-05
619 0.00020766439848703827 
620 -0.00042562415248596774
621 4.4638126871741901e-06 
622 0.00036596740445262767 
623 -0.00062874095782761152
624 -0.00012283912419084643
625 0.00035683184682903935 
626 -0.00031377813480988614
627 -0.00020916341167476378
628 0.00047490714036704101 
629 -0.001297033510542514 
630 -0.00029473969660949971
631 0.00045069302149881862 
632 -0.0013620195684396555 
633 -9.3987124049783703e-05
634 0.00038654664990209024 
635 -0.00089708189973998834
636 -0.00030660873722025 4
637 0.00060120413951302715 
638 -0.0013049525384483396 
639 -5.6645881501674739e-05
640 0.00027580848146056131 
641 -0.0005448764333702838 
642 -0.0003043601556828035 
643 0.00055435547090988344 
644 -0.0009579745249970878 
645 -0.0001378377354939106 
646 0.00023019322339008774 
647 -0.00070028230562999005
648 -0.00028891396860857618
649 0.00036660079609961496 
650 -0.0028512824310512504 
651 -0.00015290334764536152
652 0.0002722433606619154 
653 -0.0021127798458014588 
654 0.00012425444953811579 
655 -0.00026913969597180953
656 0.00041697352035499277 
657 0.0001491810222236066 
658 -0.0001165915711374213 
659 0.00022592194991608028 
660 -0.00028049790036740964
661 0.00042626035696609191 
662 -0.00100220940205944 
663 0.0001321235348853856 
664 -0.00013557775422239939
665 -0.00047689237863089706
666 -7.6396786236814646e-05
667 0.00015414379065085276 
668 -0.00079201456365561584
669 -4.9639115391585803e-05
670 0.00027181751951063302 
671 -0.00037638572897409628
672 -5.3733566034941393e-05
673 0.00021982809896315715 
674 -0.00046928855553382554
675 -8.6424325331478646e-06
676 0.00037653438167636714 
677 -0.00067864813992932205
678 -9.8113281828189625e-05
679 0.00035290696442039082 
680 -0.00035084829938074324
681 -0.00019043966078199914
682 0.00044543607932547719 
683 -0.0013768531215080163 
684 -0.00031056354541485892
685 0.0005018904465247092 
686 -0.0014940158506994428 
687 -0.00010752669340758844
688 0.00041308659657830239 
689 -0.00090158370153716264
690 -0.00030396565969546124
691 0.00062615052595960119 
692 -0.0012418492221419747 
693 -2.9299884443147184e-06
694 0.00023385538312527265 
695 -0.00054030712657882063
696 -0.00036197461213924483
697 0.00057070942059372388 
698 -0.0010273066977190756 
699 -0.00010189969775905791
700 0.00021813687070752416 
701 -0.00071782125150071652
702 -0.00034035258651488737
703 0.00029394634320499893 
704 -0.0028461492755613715 
705 -0.00024189556447636908
706 0.0002414431918680883 
707 -0.001933701996753405 
708 0.00012836865698070878 
709 -0.00032053200661454062
710 0.0006059762133056 407
711 6.8095014177864399e-05 
712 -6.2705105450696491e-05
713 0.00039119903406642509 
714 -0.00033759823137708599
715 0.00048905672764705478 
716 -0.0011628646324898576 
717 0.00013210511368315098 
718 -9.9944966595869565e-05
719 -0.00050570191191117234
720 -2.1316685995576706e-05
721 0.00011986958397478681 
722 -0.00082431436476897157
723 -9.842841590279594e-06 
724 0.00022731732438030852 
725 -0.00033558777237856219
726 -0.00014156892171301311
727 0.00022808062604614578 
728 -0.00049637078793487305
729 -1.773651073334187e-05 
730 0.00035702105196194593 
731 -0.00071068125498451734
732 -0.00012247960103896685
733 0.00038027824981116259 
734 -0.00052369548073376293
735 -0.00018681622640876264
736 0.0004532814373211895 
737 -0.0015101921416240324 
738 -0.00028695023451822538
739 0.0004431207733238806 
740 -0.0015546316933402748 
741 -0.00011597807081904603
742 0.00037334615045878615 
743 -0.00090119772590697284
744 -0.00028047145781463431
745 0.00061313066978232328 
746 -0.001259376566934603 
747 -7.3304276359324044e-05
748 0.00028385927791827609 
749 -0.0004493697309583683 
750 -0.00036940347744128868
751 0.00054180330656115189 
752 -0.0010330363459265107 
753 -0.00012457957970355045
754 0.00020916565157849676 
755 -0.00074953265325834739
756 -0.00027268629344011364
757 0.00021244969623896923 
758 -0.0026010565299410607 
759 -0.00021996069174338301
760 0.00020938786255123021 
761 -0.0018920027366258266 
762 0.00015610490406582807 
763 -0.00032322086922452996
764 0.00081165543825572131 
765 0.00013196868474252624 
766 -2.3020936053889246e-05
767 0.00031334445440910075 
768 -0.00030877348079633659
769 0.00051382221700665 8
770 -0.0011768139856705578 
771 0.00015072735183183691 
772 -3.828451105263031e-05 
773 -0.00057299685478405527
774 -3.7356319142020644e-05
775 0.00014760891291274586 
776 -0.00075729150636595632
777 -2.2740574632550137e-05
778 0.00023228656242671106 
779 -0.00036119392182906718
780 -3.9042116656800088e-05
781 0.00015792241671446113 
782 -0.00052486322696956855
783 3.9089522343663946e-06 
784 0.00034528178757096441 
785 -0.00063367912970074824
786 -0.00010612142710670486
787 0.00038094677760401249 
788 -0.0005159192557669251 
789 -0.00019284632198295244
790 0.00045608397923686123 
791 -0.0014040001963828014 
792 -0.00035083584314213323
793 0.00052028445752583252 
794 -0.0016223860084624495 
795 -5.607077981947383e-05 
796 0.00033762042041123215 
797 -0.00073726949429597788
798 -0.00032959125348492116
799 0.00060355618101325115 
800 -0.0013131941361436417 
801 -7.3946130553163847e-05
802 0.00027678240044653329 
803 -0.00036175352261774707
804 -0.00037812258892008788
805 0.00057872680975286535 
806 -0.0010195773670961528 
807 -0.00012817397985346278
808 0.00022290478797926463 
809 -0.00064450809224073091
810 -0.00053945523674353481
811 0.00033898978994329268 
812 -0.0027289251001252138 
813 -0.00020193791769057556
814 0.0002078521760507622 
815 -0.0017862549224435045 
816 0.00014846253218774551 
817 -0.0003076170006627698 
818 0.0007485009143142797 
819 0.00013945642920202769 
820 -2.1309812757112218e-05
821 0.00047702437786958929 
822 -0.000289837065547463 
823 0.00046585249616283011 
824 -0.0010800405781063514 
825 7.1843752628292408e-05 
826 2.0441478472126885e-05 
827 -0.00055471565292890268
828 -3.3908412072854166e-05
829 0.00010139894343259154 
830 -0.00075208152028323483
831 -9.8110574271552398e-06
832 0.00018455296197484108 
833 -0.00033593867220692297
834 -5.7032741396515624e-05
835 0.00019418803049189338 
836 -0.00045985642856397752
837 -1.0958628068706566e-07
838 0.00032623267808091876 
839 -0.00046604583779086273
840 -6.0440023560022135e-05
841 0.00033921018882368537 
842 -0.00042152733800498998
843 -0.00022240060589606876
844 0.00049777612006463717 
845 -0.0015209706996070146 
846 -0.00035886649082457998
847 0.00052200809914452161 
848 -0.0014820529160618628 
849 -8.2231834798235197e-05
850 0.00032427491879333768 
851 -0.00068883865469543393
852 -0.00023194819505258785
853 0.00055751584471772087 
854 -0.0012689807849056989 
855 -6.7180077964756196e-05
856 0.00031819975504766146 
857 -0.0003184025984821065 
858 -0.00030582727854854171
859 0.00054454427618303575 
860 -0.001007879147154507 
861 -8.8391052371685278e-05
862 0.00019613470020929738 
863 -0.00070137144885417529
864 -0.00030108366444353812
865 0.00037405553026979496 
866 -0.0027266456840536919 
867 -0.00027244387792978685
868 0.00033313137950000127 
869 -0.0016441951974897132 
870 0.00011256498173228564 
871 -0.00027317032386402554
872 0.00060804021852750925 
873 -1.6148823378012156e-05
874 9.1134709834628236e-05 
875 0.00047450405054001721 
876 -0.00020368233480940021
877 0.00041750541939797282 
878 -0.0010119039906775985 
879 0.00010143133566764724 
880 4.2926669316673688e-05 
881 -0.00052244896541591562
882 1.3395698212511492e-05 
883 9.2369908690465019e-05 
884 -0.00068075351521383609
885 -3.642753534743165e-06 
886 0.00016857355871572818 
887 -0.00041824926947177377
888 -6.273215410710492e-05 
889 0.00017639823726305071 
890 -0.00046795702906860664
891 1.0133846562003501e-05 
892 0.00028599878231267382 
893 -0.00051852913591034916
894 -0.00011972295345875905
895 0.00034302735928358127 
896 -0.00041668149743319394
897 -0.00023927850846820232
898 0.00049621652336007474 
899 -0.0015028642332712353 
900 -0.0003093476242944232 
901 0.00048971385095090275 
902 -0.0014695133196181154 
903 -0.00012535145681824046
904 0.00033166037110052629 
905 -0.00069375784396997348
906 -0.00022387897323004197
907 0.00049136719091684433 
908 -0.0012405941857231845 
909 -4.0174069272064239e-05
910 0.00020343060338478408 
911 -0.00036852422235514326
912 -0.00030662067461838423
913 0.00051897949930766914 
914 -0.0010572404025093532 
915 -0.00014110310543165826
916 0.00018520369859707786 
917 -0.00067779632223809172
918 -0.00040610015557043713
919 0.00034828565275549575 
920 -0.0029479354688391399 
921 -0.00030489794903480749
922 0.00035622136497925547 
923 -0.0019471184385851936 
924 0.00011195581551684455 
925 -0.00020410720175850772
926 0.00051414755626012776 
927 -4.8479668267330939e-05
928 9.6402263689204792e-05 
929 0.0006053768232926332 
930 -0.00028709986748492051
931 0.00041731751344268307 
932 -0.0011458231658384595 
933 5.9003173215980802e-05 
934 3.8743273368471026e-05 
935 -0.00072446759733077459
936 -0.00012494584244171145
937 0.00020619878743837611 
938 -0.00080306949552111373
939 -9.282076385737012e-05 
940 0.00021767445106308028 
941 -0.00047390500628231857
942 -5.327194836027456e-05 
943 0.00017793385759979491 
944 -0.00047547707272910245
945 -3.1862628255465569e-05
946 0.00028231336153791177 
947 -0.00075449227054876639
948 -0.00011198201826021111
949 0.00031010842793810847 
950 -0.00048015350230129483
951 -0.00020124211160590759
952 0.00047236430521933534 
953 -0.0015322047852644877 
954 -0.00032303326273379514
955 0.00046452664619576513 
956 -0.0014721276041607875 
957 -5.2131810245528189e-05
958 0.00028986489104675973 
959 -0.00062637025251918027
960 -0.0002607453787207524 
961 0.00052540706827842315 
962 -0.0012116825690555305 
963 -6.3479698637351062e-05
964 0.0002268877803950145 
965 -0.00044445461752180837
966 -0.00025580163917875674
967 0.00049444566474651439 
968 -0.0011171488483087064 
969 -0.00011073058409014763
970 0.00018528543261329619 
971 -0.00067097040698792243
972 -0.00035002715351779064
973 0.00037752616348210935 
974 -0.0025996676323454745 
975 -0.00022758146821891603
976 0.00034165953107393593 
977 -0.0019505627562077452 
978 0.00013422058084932523 
979 -0.00024213508274751987
980 0.00054793870718787552 
981 3.0181157707614981e-05 
982 6.1389364690203618e-05 
983 0.00041391222193205846 
984 -0.00018840839800876493
985 0.00034217431760631353 
986 -0.0010680764283371648 
987 -1.6790530439589856e-05
988 2.7983071102288641e-05 
989 -0.00071462384961229475
990 -0.00017321196274988973
991 0.0002116955369596274 
992 -0.00085397547719101574
993 -8.0003876034771132e-05
994 0.00018779527115136627 
995 -0.00047739796591737826
996 -8.627057158117242e-05 
997 0.00014291245757879975 
998 -0.00047724187295636322
999 -8.7511962363380144e-05
1000 0.00035508245168770942 
1001 -0.00081773986281850203
1002 -0.00018277870073800384
1003 0.00034174196561712403 
1004 -0.00042308469411785066
1005 -0.00021833844593838539
1006 0.00045826273548090282 
1007 -0.0014771856494098165 
1008 -0.00036498745119241394
1009 0.00045917097406672665 
1010 -0.0015111185075902187 
1011 -6.8435582304760337e-05
1012 0.00029259522604214647 
1013 -0.00067538352354097955
1014 -0.0002681844613877625 
1015 0.00052368017709009812 
1016 -0.0013381488121459451 
1017 -6.7598157113470114e-05
1018 0.00026590193440706456 
1019 -0.00042187082820142885
1020 -0.00025499680447636959
1021 0.00049308518226093626 
1022 -0.0011175129009908594 
1023 -9.9821029706860173e-05
1024 0.00019330995331541534 
1025 -0.0007497042278377386 
1026 -0.00054655595068232171
1027 0.0004948667235493507 
1028 -0.0025101193016192173 
1029 -0.00011782791468726087
1030 0.00032166752607121207 
1031 -0.0017774547244751859 
1032 8.1193667643219593e-05 
1033 -0.00026259462575729635
1034 0.00071012748948670948 
1035 -8.124763200761248e-06 
1036 5.1654102960759646e-05 
1037 0.00046760184857642939 
1038 -0.000196480463150664 
1039 0.00030814011373989612 
1040 -0.0010704418796538533 
1041 -5.2470104503836781e-05
1042 7.1470063098468851e-05 
1043 -0.00059049863886252371
1044 -0.00012473848094826309
1045 0.00020886498333838599 
1046 -0.00087245308394126586
1047 -4.0399924380707386e-05
1048 0.00016128455193703886 
1049 -0.00034923166146706708
1050 -0.00010108182711146899
1051 0.00015139198676773769 
1052 -0.00048234581373434587
1053 -5.7420135175820924e-05
1054 0.00030621334450887418 
1055 -0.00067195546485300517
1056 -0.00012864986694856133
1057 0.00032967097143816668 
1058 -0.00045634713640424485
1059 -0.00023334310384175508
1060 0.00043438951080027738 
1061 -0.001471128591429359 
1062 -0.00034103903595916231
1063 0.00047798291036198377 
1064 -0.001514110426088594 
1065 -0.0001392304690663081 
1066 0.00030660764155954201 
1067 -0.00063972587741202569
1068 -0.00023132201195106075
1069 0.00051939054462016299 
1070 -0.0013326490699690358 
1071 -2.6175550330926473e-05
1072 0.00022040668087233012 
1073 -0.00041669114887864234
1074 -0.00029526006156405972
1075 0.00045957291217575864 
1076 -0.0011280819234507702 
1077 -0.00012009282953889464
1078 0.00021541506488091666 
1079 -0.0007510496979036968 
1080 -0.00066630610805804881
1081 0.00063266314101252143 
1082 -0.0025184881252737663 
1083 -0.00020884332983048433
1084 0.00029201331249743834 
1085 -0.0017670484987980586 
1086 -2.0235429623466535e-05
1087 -0.0002279365161212115 
1088 0.0006864436117578511 
1089 4.8548205865972527e-06 
1090 -7.1411324032433221e-06
1091 0.00058934126076644333 
1092 -0.00026144555674916529
1093 0.00037933269058339875 
1094 -0.0011271366952578562 
1095 -5.9967422147385804e-05
1096 2.6466669354759283e-05 
1097 -0.00055889390500109271
1098 -0.0001865391071034575 
1099 0.00020454747997582928 
1100 -0.00094584790775135985
1101 -5.2958256192895542e-05
1102 0.00018086875394592722 
1103 -0.00041756484906371738
1104 -5.3812552807015746e-05
1105 9.6430656764854086e-05 
1106 -0.00041579730868508691
1107 -5.7366192291201726e-05
1108 0.00025774057289926558 
1109 -0.00060934220719160298
1110 -0.00013302340100687648
1111 0.00030841291334764154 
1112 -0.0004833878640128908 
1113 -0.00029881271798827894
1114 0.0004631014896392012 
1115 -0.0014981911819581459 
1116 -0.00039858128002796464
1117 0.00052127783998485479 
1118 -0.0016287300878418606 
1119 -0.00016180881282904999
1120 0.00033429551544396884 
1121 -0.00072207036557426357
1122 -0.00022422910229098411
1123 0.00047235284170362574 
1124 -0.0013085304451669472 
1125 -3.1686778158155487e-05
1126 0.00019883048434465173 
1127 -0.00036295849326227481
1128 -0.00025623605226356844
1129 0.00044174794414264702 
1130 -0.0011471625910493832 
1131 -0.00016788873146306171
1132 0.00023439225009686329 
1133 -0.00082846161045787431
1134 -0.00060534478429524405
1135 0.00053684283936062185 
1136 -0.0022439763001479741 
1137 -0.00031534651200864315
1138 0.00032935916118784214 
1139 -0.0017795570164337166 
1140 8.249519140831902e-05 
1141 -0.00024450517279466476
1142 0.00070343849243565196 
1143 4.5768510577005872e-05 
1144 -4.7010336078658066e-05
1145 0.00053070764231867573 
1146 -0.00019429091961650459
1147 0.00029273684003201881 
1148 -0.00092362689819142389
1149 -2.4065708014399043e-05
1150 3.9734060588210267e-05 
1151 -0.00062501063598546444
1152 -0.00017804171955401391
1153 0.00020684117745305153 
1154 -0.00095760618725737601
1155 -0.00010004173382733433
1156 0.00016760379410817733 
1157 -0.00040673059620821572
1158 4.0321152648981409e-05 
1159 2.3955227194763853e-05 
1160 -0.00046705367739791753
1161 -8.2355909578718869e-05
1162 0.00024829358095136873 
1163 -0.00080314017494720336
1164 -0.0001372909841490591 
1165 0.00025258167727837053 
1166 -0.00049106400143876516
1167 -0.00021926527536809091
1168 0.00043070272971694121 
1169 -0.0014054087536975041 
1170 -0.00028892849609372072
1171 0.00046141956110443486 
1172 -0.0014855000453380118 
1173 -0.00012710455969162752
1174 0.00026964905187671327 
1175 -0.00074120088699088441
1176 -0.00018741901873560798
1177 0.00042651949890838009 
1178 -0.0012425436935128292 
1179 -6.5332813532971434e-05
1180 0.00022303471756476845 
1181 -0.00041228340445056966
1182 -0.00020005246925982809
1183 0.00041321830448450524 
1184 -0.0011424092433467842 
1185 -0.00010199076001625972
1186 0.00020986769713101164 
1187 -0.00078738009133858672
1188 -0.00065873211347655496
1189 0.00039601624585537329 
1190 -0.0019485102396209729 
1191 -0.00030398923570535037
1192 0.00035620809355755081 
1193 -0.0019936597391902317 
1194 8.8509940664085324e-05 
1195 -0.00026663206704687602
1196 0.00067462210672462886 
1197 -6.5566798857046027e-05
1198 -8.3775913509755162e-06
1199 0.00036001130809501514 
1200 -0.00019513845714681484
1201 0.00029467652819857083 
1202 -0.0010023056655310632 
1203 -0.00013892961463826681
1204 7.9097698918418127e-05 
1205 -0.00062305215141417875
1206 -0.00027714207435624791
1207 0.00022494270136504818 
1208 -0.00101392390006734 9
1209 -3.3307526496721002e-05
1210 0.00013450317308806234 
1211 -0.00033907593845831918
1212 2.0154595579885415e-05 
1213 6.4378744919881339e-05 
1214 -0.000487469474850101 
1215 -2.1990175600096473e-05
1216 0.00025755004155536727 
1217 -0.00075499209810082207
1218 -4.5376911823259009e-05
1219 0.00022821870105971948 
1220 -0.00048560821705795343
1221 -0.00013533912339697834
1222 0.00039662898300314026 
1223 -0.0013627983626348095 
1224 -0.00023400427998913551
1225 0.00037714855528499409 
1226 -0.0014906250135136717 
1227 -3.2622763982770656e-05
1228 0.00022243781100637731 
1229 -0.00064898073960542244
1230 -0.00014424317543703172
1231 0.00039240360329698132 
1232 -0.0011123176165141468 
1233 -0.00013269068681606017
1234 0.00025976928639859231 
1235 -0.00035835404368772528
1236 -0.00017933935844337105
1237 0.00042269180906555522 
1238 -0.001079301048768945 
1239 -0.00016177344333260027
1240 0.00023470168294673077 
1241 -0.0007851936247500399 
1242 -0.00050544967407750892
1243 0.00033783716128102902 
1244 -0.0015555167668211169 
1245 -0.00040884891828441017
1246 0.00039854090336535752 
1247 -0.0019159439101200451 
1248 7.3492542733214795e-05 
1249 -0.00023387135001959325
1250 0.00072119443676116682 
1251 -8.4045932757528807e-05
1252 3.352358205549813e-05 
1253 0.00016814909620448126 
1254 -0.00019845136515107782
1255 0.0003011765044224784 
1256 -0.0011522969671257427 
1257 -4.6400297155502722e-05
1258 4.9832594158329829e-05 
1259 -0.00044531313814358611
1260 -0.00023316042307838791
1261 0.00025467447899235607 
1262 -0.0010291568675380031 
1263 -2.125800297163305e-05 
1264 0.00011449485374837379 
1265 -0.0002514936640783394 
1266 -5.9432928897866499e-06
1267 9.7272074567075414e-05 
1268 -0.00049004455991666362
1269 -3.2453678964070726e-05
1270 0.00025208914468414015 
1271 -0.00062756478542138477
1272 -0.00016000112282000233
1273 0.00022163557432952966 
1274 -0.00043366086121840453
1275 -0.00022288940802229693
1276 0.00044166318472821375 
1277 -0.0014524930788695142 
1278 -0.00024759681581674325
1279 0.00040625880159985556 
1280 -0.001554048132575564 
1281 -5.4479360411118123e-05
1282 0.00021775004450663195 
1283 -0.00080889596346473552
1284 -0.00012851939240402996
1285 0.00044030481526025067 
1286 -0.0011072565241725396 
1287 -7.1798251812100339e-05
1288 0.00020779453982028295 
1289 -0.00030137137401087255
1290 -0.00019398019929738573
1291 0.00039213104255149921 
1292 -0.0011267870598635418 
1293 -0.0001615548008070157 
1294 0.00024902539876061822 
1295 -0.00083868348886066008
1296 -0.00050751010473813144
1297 0.00037106619131357758 
1298 -0.0018405112111350361 
1299 -0.00037414851816145595
1300 0.0002922338104650174 
1301 -0.0017730193707772984 
1302 -4.3100462830489988e-06
1303 -0.00030302623339339627
1304 0.00061494409650200005 
1305 -2.9530803562733549e-05
1306 2.056410648553636e-05 
1307 0.00038659418477982044 
1308 -0.00017706213633420095
1309 0.00032142854761459875 
1310 -0.0011246197137626311 
1311 -8.9121504784643937e-05
1312 2.176689465689316e-05 
1313 -0.0002496117983529153 
1314 -0.0002705769632812445 
1315 0.00025542325233400553 
1316 -0.0010024082027755288 
1317 3.5826407926431436e-07 
1318 0.00011579574732567544 
1319 -0.0002970181951905404 
1320 -3.4691697714129416e-06
1321 0.00012870421558733823 
1322 -0.00054601544553778414
1323 -8.6214340328849559e-05
1324 0.0002578009519375573 
1325 -0.00047238192586290112
1326 -0.00022656833962589502
1327 0.00027791364447143918 
1328 -0.00046440491378842153
1329 -0.00023910978062322875
1330 0.00040223564996651889 
1331 -0.0014524523664169869 
1332 -0.00021692231499613121
1333 0.00040670954954466834 
1334 -0.0015293169557967848 
1335 -7.3140842790219741e-05
1336 0.00021515790728763966 
1337 -0.00071726849350903926
1338 -0.00021227012890873836
1339 0.0004537736650699134 
1340 -0.0011810286743664106 
1341 -6.9184466445063042e-05
1342 0.00022062374206208851 
1343 -0.00030751612367498071
1344 -0.00029329639993572014
1345 0.00043618232457083399 
1346 -0.0012282820515990903 
1347 -0.00015224131863305658
1348 0.00024924145674305037 
1349 -0.0007524508759525414 
1350 -0.00048719151471183445
1351 0.00033449941591341507 
1352 -0.0016077763037306257 
1353 -0.00038832510530589781
1354 0.00032010238775668359 
1355 -0.0018857103040846451 
1356 -9.6061568919522319e-06
1357 -0.00026987659232885312
1358 0.00060606288482812146 
1359 -4.8428034435200884e-05
1360 -2.9694132209275026e-05
1361 0.00031494908171161851 
1362 -0.00010632193292965886
1363 0.00031785578745623718 
1364 -0.0010801478984690486 
1365 -7.7771446058945773e-05
1366 1.9546451714470142e-05 
1367 -0.00032859018677498103
1368 -0.00038412540129520445
1369 0.00030813375415344318 
1370 -0.00097692183278931533
1371 3.7375118450040656e-06 
1372 8.7390642021248355e-05 
1373 -0.00029591779056019341
1374 -4.2592026421586424e-05
1375 8.848759454558805e-05 
1376 -0.00048594939335492443
1377 -8.0171383023072001e-05
1378 0.00021256679979049509 
1379 -0.00052415068606075782
1380 -9.2395650575822705e-05
1381 0.00020826758477811291 
1382 -0.00033262756698711204
1383 -0.0002169778535165319 
1384 0.00038342775480016897 
1385 -0.0015724180224438722 
1386 -0.00020929945410972164
1387 0.00039371851787878276 
1388 -0.0014697631671308914 
1389 -6.6486614898071845e-05
1390 0.00018646665514097764 
1391 -0.00072439022103390482
1392 -0.00026311666957521893
1393 0.00042736736630423489 
1394 -0.0012053511294495972 
1395 -7.5261092248167516e-05
1396 0.00017517845199532117 
1397 -0.00023275696321524431
1398 -0.00024200619791282449
1399 0.00040103756022948252 
1400 -0.0012627328475529886 
1401 -0.00020710829264549216
1402 0.00028591655008646313 
1403 -0.00083267652350946242
1404 -0.00075903756100015925
1405 0.0004892677114868467 
1406 -0.0013053694336583599 
1407 -0.00053801437581719666
1408 0.00040293445168033959 
1409 -0.0014806933045752382 
1410 -6.0558476985862753e-05
1411 -0.00015282218130704961
1412 0.00047166123315558681 
1413 -0.0001727082681256091 
1414 7.0182436419902183e-05 
1415 0.00018030428772460028 
1416 -8.0973392701508002e-05
1417 0.00022623050677582986 
1418 -0.00095456550101332598
1419 -0.00024577243667649011
1420 1.7290091512267916e-05 
1421 -0.00033142188076591 
1422 -0.00041169279587247726
1423 0.00031629584209886402 
1424 -0.00108548929517506 1
1425 -0.00010617320159738222
1426 0.00013189161198840643 
1427 -0.00055550133767126586
1428 -9.8926355864992904e-06
1429 2.429967861590325e-05 
1430 -0.00031326399249580889
1431 -0.00018402850164155743
1432 0.0002256385547719543 
1433 -0.00063223332502026358
1434 -0.00019616209138679716
1435 0.00017495120713463194 
1436 -0.00045460501328990766
1437 -0.00034677431226751848
1438 0.00037880855206645289 
1439 -0.001505955333137729 
1440 -0.00028269599158185256
1441 0.00040387272192961288 
1442 -0.0014468910714606348 
1443 -3.2177852621152053e-05
1444 0.00010091553467781074 
1445 -0.00047657842068350026
1446 -0.00014321459719991714
1447 0.00031675404639947696 
1448 -0.00092857993203765421
1449 -0.00011721864729957038
1450 0.00017789748932048322 
1451 -0.00013903772555039218
1452 -0.00012620139546966509
1453 0.00034080668319416002 
1454 -0.001094316103916089 
1455 -0.00018564232571966453
1456 0.00022527426049660446 
1457 -0.00079744374244945793
1458 -0.00084519025571049445
1459 0.00046832089420502897 
1460 -0.001502341352127113 
1461 -0.00073078846416299234
1462 0.0003973989101417226 
1463 -0.0013062825671126335 
1464 -0.00016297345739962801
1465 -1.7247671389828897e-05
1466 0.00027194446856726104 
1467 -0.00024702064368579968
1468 2.7599378892632226e-05 
1469 -0.00025295254341323181
1470 -4.6423994579724106e-05
1471 0.00010328086751883279 
1472 -0.00083497679998836578
1473 -0.00043347560319986853
1474 0.00019520522087874796 
1475 -0.00030967354408283423
1476 -0.00071248802872960967
1477 0.00046187157187099065 
1478 -0.0015906548166306905 
1479 -0.000345531751407991 
1480 0.00017614544701543763 
1481 -0.00086806468365346889
1482 -7.9109389283956583e-05
1483 2.4538083276733763e-05 
1484 -0.00017493082987712211
1485 -0.00032976318410482888
1486 9.7419975827923305e-05 
1487 -0.00066039268476276308
1488 -0.00010269058959102781
1489 5.2049210435833881e-05 
1490 -0.00063542994745578729
1491 -0.00045890217378261218
1492 0.00038673183774470127 
1493 -0.0017326393538016627 
1494 -0.00010323402966610704
1495 0.00026953154859497321 
1496 -0.0013985818694526725 
1497 -9.8115766566649748e-05
1498 4.9447595841077205e-05 
1499 -0.00048423948291826183
1500 -0.00010027690593199939
1501 0.00013509859151115272 
1502 -0.0011318808845176276 
1503 -9.912253028429574e-05 
1504 3.2078659814381572e-05 
1505 -0.00045959953130685072
1506 0.00013467420482198011 
1507 9.0507578251760798e-05 
1508 -0.0010561721469283594 
1509 -0.0002547993049380505 
1510 0.00022401211333775151 
1511 -0.00093239685668675826
