5 0.00269983
6 0.000541455
7 0.000762422
8 0.00126714
9 0.000335923
10 0.00043541
11 0.000577456
12 0.000247514
13 0.000274829
14 0.000309241
15 -0.000130845
16 0.000217117
17 0.000360198
18 2.38669e-05
19 0.000117261
20 0.000144324
21 0.000140872
22 1.80188e-05
23 -0.000160482
24 -1.74703e-05
25 9.95699e-06
26 1.83048e-05
27 3.17586e-05
28 -5.48638e-06
29 8.63288e-06
30 4.93594e-05
31 3.33156e-05
32 8.24993e-05
33 -5.35596e-05
34 3.55619e-05
35 -0.00012568
36 1.10733e-05
37 -2.07191e-05
38 -0.000267561
39 -4.80855e-06
40 1.69117e-05
41 5.4688e-05
42 -8.70314e-06
43 -9.45496e-06
45 3.4479e-05
46 1.29967e-05
48 -4.9542e-05
51 2.44657e-05
59 0.00262523
60 0.000509591
61 0.000751996
62 0.00121807
63 0.000303101
64 0.000437355
65 0.000541206
66 0.000232593
67 0.000271712
68 0.000308665
69 -0.000129155
70 0.00022656
71 0.000380173
72 3.20623e-05
73 0.000102284
74 0.000153555
75 0.000142405
76 1.73596e-05
77 -0.000120157
78 -2.10682e-05
79 1.48217e-05
80 3.97786e-05
81 4.11719e-05
82 -1.07679e-05
83 2.9642e-05
84 6.42438e-05
85 1.9459e-05
86 7.42028e-05
87 -5.57015e-05
88 3.02006e-05
89 -0.000140325
90 1.06367e-06
91 -2.32747e-05
92 -0.000219211
93 -8.12466e-06
94 2.6892e-05
95 0.000102035
96 -1.32253e-05
97 -2.76314e-06
99 4.41535e-05
100 1.22262e-05
102 -4.10175e-05
105 2.53334e-05
112 0.0011153
113 0.00182074
114 0.000372128
115 0.00060855
116 0.00103473
117 0.000275765
118 0.000352868
119 0.00050907
120 0.000202027
121 0.000250642
122 0.000257773
123 -0.000128538
124 0.000201554
125 0.000373381
126 3.82159e-05
127 9.30993e-05
128 0.000126223
129 0.000141063
130 1.85518e-05
131 -0.000112884
132 -1.86419e-05
133 1.5514e-05
134 6.14398e-05
135 4.75703e-05
136 3.7388e-06
137 -7.8527e-06
138 5.9249e-05
139 2.01806e-05
140 3.05576e-05
141 -5.27716e-05
142 2.36666e-05
143 -0.000103948
144 1.09556e-05
145 -2.93462e-05
146 -0.000224273
147 7.48359e-06
148 1.60855e-05
149 9.46828e-05
150 -2.02457e-05
151 -1.78599e-05
153 2.96389e-05
154 3.82158e-05
156 -5.24537e-05
159 4.28352e-05
165 0.000184769
166 0.00042425
167 0.000886978
168 0.000166073
169 0.000423985
170 0.000764052
171 0.000196875
172 0.000277739
173 0.000353605
174 0.000169158
175 0.000224976
176 0.000222798
177 -0.00016826
178 0.000199027
179 0.000358862
180 2.2194e-05
181 8.4706e-05
182 0.000111973
183 0.000132482
184 1.17925e-05
185 -0.000102938
186 -2.67132e-05
187 2.61381e-05
188 4.00639e-05
189 4.28279e-05
190 -8.3821e-06
191 -2.94445e-05
192 5.02041e-05
193 2.4707e-05
194 3.35167e-05
195 -4.92232e-05
196 2.73812e-05
197 -0.000128956
198 6.49594e-06
199 -2.08845e-05
200 -0.000239942
201 1.06819e-05
202 9.91505e-06
203 8.08479e-05
204 -1.47554e-05
205 -1.31536e-05
207 4.67607e-05
208 1.81894e-05
210 -5.95775e-05
216 -0.000184675
217 -0.000325706
218 -0.000675591
219 -4.42365e-05
220 5.36437e-05
221 0.000247584
222 6.36524e-05
223 0.000187614
224 0.000564351
225 0.000129587
226 0.000190449
227 0.000282764
228 0.000155255
229 0.000177887
230 0.000128905
231 -0.000169036
232 0.000187065
233 0.000364371
234 3.99074e-06
235 7.86132e-05
236 0.000135155
237 0.000119199
238 2.18113e-05
239 -0.000146059
240 -1.47404e-05
241 1.69063e-05
242 6.55423e-05
243 1.27966e-05
244 -2.4245e-06
245 -4.98074e-05
246 5.98245e-05
247 2.11651e-05
248 3.41199e-05
249 -5.86193e-05
250 1.72641e-05
251 -0.000134212
252 8.18468e-06
253 -2.76608e-05
254 -0.000221263
255 7.85727e-06
256 1.14591e-05
257 9.29716e-05
258 -5.13132e-06
259 -2.09167e-05
261 3.14548e-05
264 -5.18588e-05
270 -0.000214875
271 -0.000350757
272 -0.000833667
273 -0.000123207
274 -0.000115161
275 -3.61785e-05
276 -1.18042e-05
277 3.81366e-05
278 0.000320837
279 8.08737e-05
280 0.000107885
281 0.000171165
282 0.000115472
283 0.000117133
284 7.28399e-05
285 -0.000195277
286 0.000145737
287 0.000295938
288 3.09394e-06
289 6.28333e-05
290 0.00014475
291 0.000114417
292 1.15433e-05
293 -0.000151333
294 -2.49153e-05
295 1.29852e-05
296 2.50502e-05
297 1.98937e-05
298 -1.34114e-05
299 -5.58771e-05
300 6.86575e-05
301 1.54095e-05
302 6.2299e-05
303 -6.20989e-05
304 1.62066e-05
305 -0.000112861
306 1.1875e-05
307 -2.44539e-05
308 -0.000238937
309 8.91405e-06
310 1.21809e-05
311 8.694e-05
312 7.419e-06
313 -3.92671e-05
315 4.11346e-05
318 -5.51601e-05
324 -0.00024994
325 -0.000340526
326 -0.000926819
327 -0.000138796
328 -0.000207161
329 -0.000172507
330 -5.17729e-05
331 -3.68172e-05
332 0.000127709
333 4.79311e-05
334 4.05263e-05
335 0.000123874
336 6.95516e-05
337 0.00010153
338 7.48227e-05
339 -0.00022487
340 0.00013378
341 0.000245313
342 -1.42937e-06
343 4.26651e-05
344 0.000146329
345 0.000114985
346 4.79205e-06
347 -0.000174681
348 -2.4435e-05
349 1.25513e-05
350 4.328e-05
351 2.74381e-05
352 -2.31371e-05
353 -7.20554e-06
354 5.70599e-05
355 1.3664e-05
356 2.56464e-05
357 -6.10715e-05
358 1.07098e-05
359 -9.05884e-05
360 8.07259e-06
361 -2.5388e-05
362 -0.000255603
363 -7.42158e-06
364 1.63584e-05
365 6.43331e-05
366 -1.25284e-05
367 -1.35462e-05
369 3.81543e-05
372 -4.27715e-05
378 -0.00017068
379 -0.00032829
380 -0.000908184
381 -0.00012053
382 -0.000209596
383 -0.00034503
384 -7.85071e-05
385 -6.77698e-05
386 6.43612e-05
387 2.64466e-05
388 1.8702e-05
389 6.81476e-05
390 5.76815e-05
391 7.55269e-05
392 1.92187e-05
393 -0.000221501
394 0.000107214
395 0.000231381
396 -1.73006e-05
397 3.94761e-05
398 5.76096e-05
399 9.74168e-05
400 2.71251e-06
401 -0.000152505
402 -3.31324e-05
403 1.48401e-05
404 9.65469e-06
405 2.37713e-05
406 -3.5958e-05
407 3.4347e-05
408 4.79665e-05
409 1.57639e-05
410 3.30093e-05
411 -5.45837e-05
412 9.15066e-06
413 -9.47237e-05
414 1.80081e-06
415 -2.91801e-05
416 -0.000264758
417 -1.44662e-05
418 2.27554e-05
419 3.46074e-05
420 -3.04514e-06
421 -1.29847e-05
423 3.02591e-05
426 -4.92352e-05
432 -0.000193906
433 -0.000306194
434 -0.000888499
435 -0.000157964
436 -0.000185015
437 -0.000330559
438 -7.8117e-05
439 -0.000113351
440 1.48574e-05
441 9.42629e-06
442 -8.91412e-06
443 -3.6687e-05
444 4.44952e-05
445 3.97609e-05
446 2.57787e-07
447 -0.000235636
448 9.84554e-05
449 0.000227961
450 -2.00492e-05
451 1.76885e-05
452 4.20765e-05
453 0.000113271
454 -1.44986e-05
455 -0.000157998
456 -4.42868e-05
457 -1.56275e-06
458 3.08558e-05
459 2.13802e-05
460 -3.97097e-05
461 1.23342e-05
462 4.64257e-05
463 1.23103e-05
464 1.45416e-05
465 -6.29206e-05
466 6.28838e-06
467 -0.000103398
468 -1.28645e-07
469 -2.89934e-05
470 -0.000252223
471 -1.05595e-05
472 3.07811e-05
473 6.63163e-05
474 -1.28439e-05
475 -1.88366e-05
477 5.11783e-05
480 -4.74391e-05
486 -0.000181239
487 -0.00026699
488 -0.00076012
489 -0.000105495
490 -0.000188361
491 -0.000316281
492 -8.4033e-05
493 -0.000127001
494 6.13613e-06
495 -6.01128e-06
496 -2.60287e-05
497 -5.75856e-05
498 4.05241e-05
499 1.40566e-05
500 7.48377e-07
501 -0.000237627
502 7.47377e-05
503 0.00017391
504 -1.67387e-05
505 9.92292e-06
506 7.15984e-05
507 8.914e-05
508 -1.98603e-05
509 -0.000145787
510 -3.55159e-05
511 -1.67504e-05
512 -1.00101e-05
513 1.00498e-05
514 -2.32839e-05
515 -1.03515e-05
516 3.34798e-05
517 1.99297e-05
518 4.09579e-06
519 -8.53179e-05
520 1.95698e-05
521 -0.000123614
522 7.9783e-07
523 -3.31198e-05
524 -0.000243973
525 -1.73556e-05
526 1.77477e-05
527 5.63461e-05
528 -2.75524e-05
529 -1.63673e-05
531 3.90624e-05
534 -4.65083e-05
540 -0.000165578
541 -0.000237018
542 -0.000754003
543 -0.000113017
544 -0.0001646
545 -0.000278663
546 -7.55264e-05
547 -0.000132851
548 2.34186e-05
549 -1.48252e-05
550 -2.79288e-05
551 -3.53611e-05
552 4.40458e-05
553 1.16165e-05
554 -9.21546e-05
555 -0.000252265
556 5.61074e-05
557 0.00018423
558 -4.90754e-05
559 2.07163e-05
560 9.54464e-05
561 9.4463e-05
562 -2.92624e-05
563 -0.000137622
564 -3.77418e-05
565 -2.19047e-05
566 -6.5162e-06
567 9.27656e-07
568 -2.03409e-05
569 -4.09614e-05
570 2.58425e-05
571 8.51133e-06
572 5.02594e-05
573 -6.63333e-05
574 -2.35224e-06
575 -0.000115407
576 1.26254e-06
577 -3.52629e-05
578 -0.000302461
579 -1.0434e-05
580 1.69221e-05
581 4.99451e-05
582 -2.88255e-05
583 -1.2657e-05
585 4.0191e-05
588 -6.69998e-05
594 -0.000114142
595 -0.000255941
596 -0.000596957
597 -9.01082e-05
598 -0.000168655
599 -0.000252635
600 -5.54261e-05
601 -0.000112388
602 3.24799e-05
603 -7.86841e-06
604 -3.08338e-05
605 -9.34061e-05
606 3.26819e-05
607 1.51248e-05
608 -8.81057e-05
609 -0.000247692
610 4.65144e-05
611 0.000238783
612 -2.07245e-05
613 9.62143e-06
614 3.88584e-05
615 0.000101234
616 -3.62126e-05
617 -0.000158332
618 -5.13149e-05
619 -1.97534e-05
620 2.614e-05
621 -1.42967e-06
622 -2.68171e-05
623 -2.48923e-05
624 4.73457e-05
625 -8.86852e-06
626 3.25695e-05
627 -7.76189e-05
628 1.07055e-07
629 -0.000117307
630 -8.89363e-07
631 -3.35824e-05
632 -0.00026498
633 -7.49752e-06
634 2.03982e-05
635 8.161e-05
636 -3.30523e-05
637 -1.81235e-06
639 4.66956e-05
648 -0.000123813
649 -0.000174713
650 -0.000718891
651 -7.26309e-05
652 -0.000158732
653 -0.000182259
654 -6.0005e-05
655 -0.000106063
656 5.42692e-05
657 -2.32964e-05
658 -2.73983e-05
659 -0.000113646
660 2.61891e-05
661 9.0404e-06
662 -8.20597e-05
663 -0.000249014
664 6.08594e-05
665 0.000178453
666 -1.11073e-05
667 -2.78043e-06
668 6.62267e-05
669 0.00010806
670 -4.58886e-05
671 -0.000167163
672 -5.31022e-05
673 -2.8981e-05
674 -4.74114e-06
675 -1.49454e-06
676 -2.82343e-05
677 -2.30603e-05
678 4.81283e-05
679 -1.2043e-05
680 4.42414e-05
681 -6.87865e-05
682 -3.5641e-06
683 -0.000110933
684 1.17419e-07
685 -4.69523e-05
686 -0.000236977
687 -1.53213e-05
688 2.22922e-05
690 -1.30979e-05
693 2.82175e-05
702 -0.000161618
703 -0.000156706
704 -0.000690566
705 -4.76124e-05
706 -0.000160115
707 -0.000168315
708 -8.84445e-05
709 -7.08894e-05
710 2.21999e-05
711 -1.51672e-05
712 -2.58616e-05
713 -8.16327e-05
714 3.49765e-05
715 6.95973e-06
716 -7.66983e-05
717 -0.000253945
718 7.95291e-05
719 0.000207289
720 -2.36468e-05
721 1.68617e-05
722 2.13802e-05
723 9.66809e-05
724 -5.11364e-05
725 -0.000201988
726 -7.59511e-05
727 -3.15668e-05
728 -1.22626e-06
729 -2.66054e-07
730 -5.00084e-05
731 -5.4989e-05
732 2.40782e-05
733 -2.3374e-06
734 -2.66412e-05
735 -7.30289e-05
736 5.74568e-06
737 -0.000107176
738 4.23902e-06
739 -4.03536e-05
740 -0.000248755
741 -1.49964e-05
742 6.89886e-06
744 -1.00772e-05
747 2.32568e-05
756 -4.81676e-05
757 -0.000218544
758 -0.000669274
759 -5.56382e-05
760 -0.000123724
761 -0.000122053
762 -5.89798e-05
763 -8.50107e-05
764 -6.87457e-06
765 -1.62203e-06
766 -3.89344e-05
767 -8.35283e-05
768 4.3283e-05
769 2.77953e-05
770 -0.000124735
771 -0.000243864
772 8.35808e-05
773 0.000211301
774 -2.16218e-05
775 3.13689e-06
776 1.06826e-05
777 9.52387e-05
778 -4.72428e-05
779 -0.000255122
780 -6.0703e-05
781 -2.73824e-05
782 -1.17562e-05
783 -7.44939e-06
784 -3.55057e-05
785 -6.52693e-05
786 2.54673e-05
787 2.58782e-06
788 2.09946e-05
789 -8.0503e-05
790 5.08933e-06
791 -0.00013527
792 -1.17225e-05
793 -3.30853e-05
794 -0.000248997
795 -2.63304e-05
796 1.9544e-05
798 -2.03039e-05
801 2.83182e-05
810 -0.000105496
811 -0.000175718
812 -0.000675389
813 -7.84451e-05
814 -0.000103748
815 -8.89122e-05
816 -3.40168e-05
817 -6.1134e-05
818 -1.96233e-05
819 1.39338e-05
820 8.45639e-06
821 -0.00012184
822 4.93084e-05
823 3.36134e-05
824 -3.44547e-05
825 -0.000262384
826 0.000100017
827 9.09141e-05
828 -5.10202e-05
829 1.09213e-05
830 5.09926e-05
831 9.13801e-05
832 -5.08581e-05
833 -0.00022625
834 -6.11741e-05
835 -3.29328e-05
836 -1.82402e-05
837 -1.93612e-06
838 -4.07484e-05
839 -4.83703e-05
840 1.80214e-05
841 -3.07712e-06
842 2.44985e-05
843 -6.30543e-05
844 -2.62473e-06
845 -0.000113806
846 -2.86171e-07
847 -3.34556e-05
848 -0.000233015
849 -1.99968e-05
850 1.94765e-05
852 -3.67891e-05
864 -0.000105925
865 -0.000130689
866 -0.00066124
867 -4.8159e-05
868 -0.000119175
869 -0.000129823
870 -8.03465e-05
871 -1.63369e-05
872 7.75995e-05
873 2.32408e-05
874 4.50995e-06
875 -0.000158409
876 3.85927e-05
877 4.06851e-05
878 -1.88692e-05
879 -0.000255216
880 7.57376e-05
881 0.000116637
882 -5.77945e-05
883 7.53461e-06
884 -6.341e-06
885 9.08e-05
886 -5.88361e-05
887 -0.00018234
888 -5.89358e-05
889 -4.67506e-05
890 1.1935e-05
891 8.91891e-06
892 -4.45081e-05
893 -5.51845e-05
894 2.6531e-05
895 -7.03295e-06
896 3.36643e-05
897 -8.08627e-05
898 2.62087e-06
899 -8.94866e-05
900 -5.86686e-06
901 -3.46472e-05
902 -0.000251265
903 -1.80421e-05
904 1.18975e-05
906 -2.97935e-05
918 -0.000106849
919 -0.000135829
920 -0.000551305
921 -5.17026e-05
922 -7.23819e-05
923 -0.000145821
924 -2.27759e-05
925 -2.45856e-05
926 0.000100063
927 1.55073e-05
928 1.5362e-05
929 -7.52633e-05
930 4.86301e-05
931 4.0964e-05
932 -6.61989e-05
933 -0.000220989
934 4.27987e-05
935 0.000165251
936 -5.57632e-05
937 -5.84371e-06
938 -1.82108e-05
939 8.39307e-05
940 -6.63528e-05
941 -0.000208565
942 -6.54445e-05
943 -4.04064e-05
944 1.53519e-05
945 5.13504e-06
946 -3.51179e-05
947 -8.48994e-05
948 2.05264e-05
949 5.21164e-06
950 1.09415e-05
951 -6.30936e-05
952 1.95628e-07
953 -7.62921e-05
954 -9.34001e-06
955 -3.55082e-05
957 -1.6937e-05
960 -1.26203e-05
972 -6.11705e-05
973 -4.99521e-05
974 -0.000573457
975 -4.35643e-05
976 -6.21266e-05
977 -6.90259e-05
978 -1.60765e-05
979 -3.14831e-05
980 0.000123597
981 1.63886e-05
982 5.54964e-06
983 -5.77585e-05
984 3.5414e-05
985 2.30206e-05
986 -9.65101e-05
987 -0.000236361
988 3.54305e-05
989 0.000184443
990 -3.26131e-05
991 -1.79374e-05
992 -3.26199e-05
993 7.98143e-05
994 -5.57562e-05
995 -0.00027319
996 -6.9851e-05
997 -4.41804e-05
998 4.52023e-07
999 4.91048e-06
1000 -4.50219e-05
1001 -5.98007e-05
1002 2.44401e-05
1003 -2.42207e-06
1004 5.90451e-06
1005 -6.61426e-05
1006 -1.8187e-06
1007 -7.99056e-05
1008 -3.05466e-06
1009 -3.76339e-05
1011 -1.02632e-05
1026 -9.73086e-05
1027 -0.000102216
1028 -0.000515941
1029 -3.53742e-05
1030 -9.12095e-05
1031 -3.30837e-05
1032 -3.16576e-05
1033 -4.41142e-05
1034 0.000106658
1035 3.80171e-05
1036 2.40253e-06
1037 -8.66839e-07
1038 3.12816e-05
1039 2.15941e-05
1040 -7.66441e-05
1041 -0.00026013
1042 5.65232e-05
1043 8.78181e-05
1044 -4.35676e-05
1045 -8.24032e-06
1046 -6.17013e-05
1047 7.28494e-05
1048 -6.95084e-05
1049 -0.000275473
1050 -6.62634e-05
1051 -3.93178e-05
1052 -2.01844e-05
1053 -1.89756e-06
1054 -4.39019e-05
1055 -6.99061e-05
1056 2.16376e-05
1057 3.08974e-06
1058 3.12391e-05
1059 -7.58355e-05
1060 -1.75885e-06
1061 -0.000100156
1062 -1.64731e-06
1063 -3.91786e-05
1065 -3.12579e-05
1080 -7.13733e-05
1081 -0.000140267
1082 -0.000490302
1083 -2.51395e-05
1084 -0.000103386
1085 7.18887e-06
1086 -4.26039e-05
1087 -4.11253e-05
1088 0.000134028
1089 1.0375e-05
1090 -6.22859e-06
1091 -3.23072e-05
1092 2.95907e-05
1093 8.37987e-06
1094 -4.56737e-05
1095 -0.000251127
1096 4.24012e-05
1097 0.00015512
1098 -4.54953e-05
1099 -2.60631e-05
1100 -1.18589e-06
1101 7.81266e-05
1102 -5.84992e-05
1103 -0.000258005
1104 -6.39115e-05
1105 -3.82637e-05
1106 -2.11526e-05
1107 1.1489e-05
1108 -5.58682e-05
1109 -1.26651e-05
1110 2.61332e-05
1111 7.14892e-06
1112 1.11537e-05
1113 -9.77859e-05
1114 6.00431e-06
1115 -0.000182599
1116 -6.64911e-06
1134 -3.37679e-05
1135 -0.000137417
1136 -0.000613741
1137 -4.64314e-05
1138 -0.000117947
1139 -6.37085e-05
1140 -4.33373e-05
1141 -6.78249e-05
1142 7.18479e-05
1143 1.36539e-05
1144 -2.04645e-05
1145 -4.43316e-05
1146 5.25397e-05
1147 7.56976e-06
1148 8.04609e-06
1149 -0.000245213
1150 5.27718e-05
1151 0.000190067
1152 -3.33021e-05
1153 -1.7245e-05
1154 5.20128e-06
1155 6.82359e-05
1156 -5.50543e-05
1157 -0.000248556
1158 -7.72569e-05
1159 -3.56664e-05
1160 -1.62937e-05
1161 1.98361e-05
1162 -6.30894e-05
1163 -1.81315e-05
1164 2.17635e-05
1165 -6.86023e-06
1166 -1.07849e-05
1167 -8.11428e-05
1168 -7.38428e-06
1170 -4.19023e-06
1188 -9.7459e-05
1189 -9.9446e-05
1190 -0.000646904
1191 -7.64492e-05
1192 -7.62082e-05
1193 -8.84374e-05
1194 -4.93041e-05
1195 -5.2687e-05
1196 5.03975e-05
1197 1.73664e-05
1198 -2.23695e-05
1199 -5.49409e-05
1200 3.98494e-05
1201 2.0143e-05
1202 -3.84072e-05
1203 -0.000240963
1204 4.8717e-05
1205 0.000192553
1206 -4.24487e-05
1207 -1.4376e-05
1208 -5.49612e-05
1209 6.42249e-05
1210 -6.17304e-05
1211 -0.000219544
1212 -7.21778e-05
1213 -3.96131e-05
1214 1.66701e-05
1215 -3.64764e-06
1216 -4.08984e-05
1217 -7.98785e-05
1218 1.88578e-05
1219 -2.53699e-06
1220 -1.55898e-05
1221 -6.44656e-05
1242 -8.38628e-05
1243 -0.000105698
1244 -0.000655426
1245 -4.91499e-05
1246 -8.75686e-05
1247 -0.000120037
1248 -3.62e-05
1249 -5.87889e-05
1250 0.000110117
1251 2.13715e-05
1252 -8.34826e-06
1253 -0.000106689
1254 3.67208e-05
1255 1.22926e-05
1256 -1.56979e-05
1257 -0.000223963
1258 5.06072e-05
1259 0.000192723
1260 -5.2408e-05
1261 -5.14188e-06
1262 -5.55411e-06
1263 7.58776e-05
1264 -5.76598e-05
1265 -0.000241611
1266 -7.2845e-05
1267 -3.93685e-05
1268 -1.5567e-05
1269 1.09642e-05
1270 -4.40741e-05
1271 -5.45279e-05
1272 3.07874e-05
1273 -2.10651e-05
1274 -9.90706e-06
1275 -6.97275e-05
1296 -0.000121517
1297 -9.5538e-05
1298 -0.000526973
1299 -1.07992e-05
1300 -9.72894e-05
1301 -9.60484e-05
1302 -3.2764e-05
1303 -4.88709e-05
1304 8.08335e-05
1305 1.99337e-05
1306 -4.46699e-06
1307 -3.65272e-05
1308 2.96658e-05
1309 3.77674e-05
1310 -4.45595e-05
1311 -0.000242154
1312 6.32869e-05
1313 0.000149331
1314 -4.69939e-05
1315 -5.88937e-06
1316 4.65932e-05
1317 6.86869e-05
1318 -6.09871e-05
1319 -0.00024434
1320 -6.66996e-05
1321 -3.7125e-05
1322 -1.42728e-05
1323 1.95249e-06
1324 -3.82145e-05
1325 -6.68657e-05
1326 2.02718e-05
1350 -9.73346e-05
1351 -8.1556e-05
1352 -0.000511922
1353 -5.64724e-05
1354 -8.63035e-05
1355 -8.2541e-05
1356 -5.36672e-05
1357 -3.36237e-05
1358 9.14188e-05
1359 4.60168e-05
1360 -1.32033e-05
1361 -7.4516e-05
1362 3.93766e-05
1363 2.05286e-05
1364 -5.65891e-05
1365 -0.000232882
1366 5.70278e-05
1367 0.000120759
1368 -5.20964e-05
1369 8.57058e-06
1370 3.07175e-05
1371 8.04406e-05
1372 -6.63072e-05
1373 -0.000233669
1374 -7.17549e-05
1375 -3.95038e-05
1376 1.40956e-05
1377 1.85644e-05
1378 -4.78265e-05
1379 -3.39947e-05
1404 -0.000122386
1405 -7.00649e-05
1406 -0.000548024
1407 -2.86738e-05
1408 -7.16213e-05
1409 -9.2798e-05
1410 -2.8455e-05
1411 -2.99521e-05
1412 6.5457e-05
1414 1.19957e-06
1415 -4.99335e-05
1417 2.57466e-05
1418 -6.48001e-05
1420 6.67914e-05
1421 0.000184943
1424 3.70306e-05
