5 0.0588348
6 0.0516331
7 0.0459602
8 0.0413544
9 0.03753
10 0.0342959
11 0.0315232
12 0.0291162
13 0.027007
14 0.0251432
15 0.0234835
16 0.0219969
17 0.0206573
18 0.0194441
19 0.0183413
20 0.0173342
21 0.0164112
22 0.0155624
23 0.0147802
24 0.0140567
25 0.013386
26 0.0127628
27 0.0121822
28 0.0116407
29 0.0111344
30 0.0106603
31 0.0102153
32 0.00979728
33 0.00940399
34 0.0090335
35 0.00868407
36 0.00835393
37 0.00804161
38 0.00774572
39 0.00746571
40 0.0071995
41 0.00694719
42 0.00670695
43 0.00647853
44 0.00626108
45 0.00605373
46 0.00585586
47 0.00566701
48 0.00548666
49 0.0053143
50 0.00514942
51 0.00499154
52 0.00484044
53 0.00469566
54 0.00455681
55 0.0044236
56 0.00429562
57 0.00417262
58 0.00405472
59 0.00394122
60 0.0038319
61 0.00372693
62 0.00362574
63 0.00352818
64 0.00343437
65 0.00334361
66 0.00325639
67 0.00317192
68 0.00309064
69 0.00301187
70 0.00293595
71 0.00286246
72 0.0027913
73 0.00272263
74 0.00265603
75 0.00259154
76 0.0025292
77 0.00246873
78 0.00241011
79 0.00235355
80 0.00229875
81 0.00224572
82 0.00219445
83 0.00214514
84 0.00209772
85 0.00205223
86 0.00200877
87 0.00196743
88 0.00192836
89 0.00189181
90 0.00185795
91 0.00182669
92 0.00179802
93 0.00177183
94 0.00174794
95 0.00172595
96 0.00170536
97 0.00168553
98 0.00166577
99 0.00164534
100 0.00162348
101 0.00159955
102 0.00157302
103 0.00154361
104 0.00151118
105 0.00147582
106 0.00143776
107 0.00139743
108 0.00135533
109 0.00131205
110 0.00126816
111 0.00122432
112 0.00118111
113 0.00113897
114 0.00109829
115 0.00105936
116 0.00102238
117 0.000987494
118 0.000955064
119 0.000925087
120 0.00089729
121 0.000871583
122 0.000847856
123 0.000825983
124 0.000806335
125 0.000788263
126 0.00077162
127 0.000756292
128 0.000742268
129 0.000729612
130 0.00071786
131 0.000706925
132 0.000696742
133 0.00068748
134 0.000678723
135 0.000670415
136 0.000662546
137 0.000655149
138 0.000648029
139 0.000641164
140 0.000634633
141 0.000628328
142 0.000622179
143 0.000616196
144 0.000610363
145 0.000604603
146 0.000598917
147 0.000593314
148 0.000587742
149 0.000582201
150 0.000576699
151 0.000571222
152 0.000565776
153 0.000560388
154 0.00055503
155 0.000549715
156 0.000544428
157 0.000539148
158 0.000533867
159 0.000528575
160 0.000523278
161 0.000517973
162 0.000512676
163 0.000507393
164 0.000502139
165 0.000496901
166 0.000491714
167 0.000486552
168 0.000481429
169 0.000476344
170 0.000471276
171 0.000466243
172 0.000461214
173 0.000456193
174 0.000451177
175 0.000446165
176 0.000441186
177 0.000436218
178 0.000431332
179 0.000426469
180 0.000421704
181 0.000416973
182 0.000412312
183 0.000407687
184 0.000403099
185 0.000398543
186 0.000394003
187 0.000389496
188 0.000384999
189 0.000380555
190 0.000376119
191 0.000371765
192 0.000367418
193 0.000363181
194 0.000358955
195 0.000354844
196 0.000350746
197 0.000346746
198 0.000342755
199 0.000338827
200 0.000334903
201 0.000331003
202 0.000327104
203 0.000323225
204 0.000319346
205 0.000315518
206 0.000311691
207 0.00030796
208 0.000304235
209 0.000300622
210 0.000297031
211 0.000293526
212 0.000290054
213 0.000286632
214 0.000283245
215 0.000279882
