5 0.150653
6 0.118564
7 0.0957575
8 0.0788761
9 0.065994
10 0.0559152
11 0.0478805
12 0.0413639
13 0.0360103
14 0.0315601
15 0.0278206
16 0.0246534
17 0.0219474
18 0.0196194
19 0.0176062
20 0.0158533
21 0.0143197
22 0.0129713
23 0.0117823
24 0.0107282
25 0.00979064
26 0.00895396
27 0.00820462
28 0.00753221
29 0.00692678
30 0.00638048
31 0.00588583
32 0.00543731
33 0.00502985
34 0.00465899
35 0.00432081
36 0.00401167
37 0.00372851
38 0.00346865
39 0.00323059
40 0.00301096
41 0.00280934
42 0.00262291
43 0.00245094
44 0.00229202
45 0.0021448
46 0.00200825
47 0.00188159
48 0.00176401
49 0.00165473
50 0.00155302
51 0.00145822
52 0.00136993
53 0.00128757
54 0.00121063
55 0.00113871
56 0.00107136
57 0.00100824
58 0.000949356
59 0.000894027
60 0.000842005
61 0.000793345
62 0.000747523
63 0.000704375
64 0.000663921
65 0.0006256
66 0.000589695
67 0.000555628
68 0.000523615
69 0.000493185
70 0.00046451
71 0.000437286
72 0.000411398
73 0.000386912
74 0.000363562
75 0.000341324
76 0.000320179
77 0.000299994
78 0.00028073
79 0.00026248
80 0.000245105
81 0.000228643
82 0.000213118
83 0.000198681
84 0.000185391
85 0.000173377
86 0.000162817
87 0.000153914
88 0.000146932
89 0.000142259
90 0.000140273
91 0.000141058
92 0.000144796
93 0.000151588
94 0.000161403
95 0.000174021
96 0.000189033
97 0.000205864
98 0.000223799
99 0.000242005
100 0.00025957
101 0.0002756
102 0.000289299
103 0.000300023
104 0.000307308
105 0.000310874
106 0.000310636
107 0.000306704
108 0.00029934
109 0.000288925
110 0.000275825
111 0.000260445
112 0.000243521
113 0.000225529
114 0.000206913
115 0.000188054
116 0.000169269
117 0.000150814
118 0.00013301
119 0.000116066
120 0.000100022
121 8.49244e-05
122 7.07905e-05
123 5.76145e-05
124 4.56802e-05
125 3.46895e-05
126 2.45946e-05
127 1.53592e-05
128 7.01303e-06
129 -3.46583e-07
130 -7.02017e-06
131 -1.30542e-05
132 -1.8481e-05
133 -2.31183e-05
134 -2.72978e-05
135 -3.10595e-05
136 -3.43985e-05
137 -3.72523e-05
138 -3.98049e-05
139 -4.20712e-05
140 -4.39454e-05
141 -4.55298e-05
142 -4.69036e-05
143 -4.80408e-05
144 -4.89386e-05
145 -4.97043e-05
146 -5.03324e-05
147 -5.07822e-05
148 -5.11508e-05
149 -5.14342e-05
150 -5.15968e-05
151 -5.16956e-05
152 -5.1718e-05
153 -5.16188e-05
154 -5.14594e-05
155 -5.12139e-05
156 -5.08961e-05
157 -5.05493e-05
158 -5.0168e-05
159 -4.97767e-05
160 -4.9379e-05
161 -4.89715e-05
162 -4.8554e-05
163 -4.81196e-05
164 -4.76586e-05
165 -4.71847e-05
166 -4.66704e-05
167 -4.61387e-05
168 -4.55795e-05
169 -4.50003e-05
170 -4.44121e-05
171 -4.38206e-05
172 -4.32372e-05
173 -4.26781e-05
174 -4.21416e-05
175 -4.16272e-05
176 -4.11285e-05
177 -4.06354e-05
178 -4.01263e-05
179 -3.96094e-05
180 -3.90547e-05
181 -3.84892e-05
182 -3.79025e-05
183 -3.73158e-05
184 -3.67292e-05
185 -3.61625e-05
186 -3.56068e-05
187 -3.50847e-05
188 -3.45726e-05
189 -3.40872e-05
190 -3.36057e-05
191 -3.31335e-05
192 -3.26613e-05
193 -3.2171e-05
194 -3.16783e-05
195 -3.11555e-05
196 -3.06307e-05
197 -3.00888e-05
198 -2.95492e-05
199 -2.90273e-05
200 -2.85121e-05
201 -2.80593e-05
202 -2.7612e-05
203 -2.72431e-05
204 -2.68748e-05
205 -2.65637e-05
206 -2.62527e-05
207 -2.59504e-05
208 -2.56487e-05
209 -2.53261e-05
210 -2.49995e-05
211 -2.4662e-05
212 -2.43203e-05
213 -2.39884e-05
214 -2.36635e-05
215 -2.33599e-05
