1	0.062005125444778875
2	0.0456653764824978
3	0.037245977231963656
4	0.03180359863498841
5	0.027893318701196546
6	0.024903775142588132
7	0.022521411462727445
8	0.020565452252143873
9	0.018923429595500113
10	0.01752084858674713
11	0.016305869566740808
12	0.015241159171775164
13	0.014299577267266281
14	0.013460065053692818
15	0.012706230456008312
16	0.012025232368112574
17	0.01140687221803515
18	0.01084309355268848
19	0.01032680860801112
20	0.009852094032329999
21	0.00941415340970896
22	0.009008581752525717
23	0.008631804292829854
24	0.008280855514158124
25	0.007952772637583386
26	0.007645260162365278
27	0.0073562986622490514
28	0.007084285396438653
29	0.006827732672179805
30	0.006585559366635507
31	0.006356645186227429
32	0.006140096500695175
33	0.005935270018095302
34	0.005741334841483053
35	0.005557599512469863
36	0.005383356116511587
37	0.005217939495731187
38	0.005060576130016105
39	0.00491074343489894
40	0.0047677894572015905
41	0.004631144941605211
42	0.004500322350767822
43	0.004374820928093439
44	0.0042543023738864936
45	0.004138537355347127
46	0.004027251386344787
47	0.003920203218236757
48	0.0038172192526047706
49	0.003718246045134521
50	0.0036231453098249395
51	0.003531824834955604
52	0.003444040632158809
53	0.003359636698215603
54	0.0032784724358413944
55	0.003200395102181569
56	0.0031251800219143392
57	0.0030525628625381472
58	0.0029824061504627464
59	0.002914563960912265
60	0.0028488747763934725
61	0.002785218438927677
62	0.002723482876498385
63	0.0026635922463740546
64	0.0026054913656620013
65	0.002549120212509016
66	0.002494459473752728
67	0.002441466798316729
68	0.0023901212886237857
69	0.002340388692346525
70	0.002292214922765555
71	0.0022455550397060043
72	0.002200346711970215
73	0.002156533502554614
74	0.002114033228173556
75	0.002072744462912597
76	0.0020326020175383762
77	0.0019935278860330084
78	0.001955422738565996
79	0.001918237611287994
80	0.0018819606399214763
81	0.0018465292350853665
82	0.0018118683347089447
83	0.0017779909607870134
84	0.0017449503628149809
85	0.00171274565005647
86	0.001681350865863031
87	0.001650779442325692
88	0.0016210643863562358
89	0.001592212444054569
90	0.0015642002532048605
91	0.0015369976519557164
92	0.0015105728473844596
93	0.0014848754242873642
94	0.0014598483230824585
95	0.001435466235456313
96	0.001411646565424844
97	0.0013883029091786864
98	0.0013654304203341361
99	0.001343023505592443
100	0.001321075957526456
101	0.0012995810572124134
102	0.0012785316623167898
103	0.0012579203042352302
104	0.0012377392365275563
105	0.001217980508260816
106	0.0011986360132419706
107	0.0011796975370264734
108	0.0011611568012642754
109	0.0011430054947688542
110	0.001125235305165648
111	0.001107837944711507
112	0.00109080518033472
113	0.001074128832197123
114	0.0010578007908949947
115	0.0010418130626493292
116	0.0010261577486210907
117	0.0010108270716564422
118	0.0009958134055486915
119	0.000981109266077101
120	0.0009667073187054099
121	0.000952600347505741
122	0.000938781302555727
123	0.0009252432711050733
124	0.000911979498539794
125	0.0008989833726562974
126	0.0008862484302312976
127	0.0008737683611060881
128	0.0008615369901438027
129	0.0008495483045926293
130	0.000837796413267097
131	0.000826275616070977
132	0.0008149802844785161
133	0.0008039049159245551
134	0.0007930442046369597
135	0.0007823930140696228
136	0.0007719462707749937
137	0.0007616990550315334
138	0.000751646586274037
139	0.0007417842131483144
140	0.0007321074087195237
141	0.0007226117665201761
142	0.0007132929982975535
143	0.0007041469306957618
144	0.0006951696283823792
145	0.0006863571981358434
146	0.0006777055883394561
147	0.0006692109254652457
148	0.0006608695060177281
149	0.0006526777851101905
150	0.0006446323659610847
151	0.0006367299902303938
152	0.0006289675291231901
153	0.0006213418510576779
154	0.0006138496706711592
155	0.0006064878445325248
156	0.0005992533772612159
157	0.000592143410995367
158	0.0005851552157317541
159	0.0005782861806444129
160	0.0005715335474291688
161	0.0005648947506582199
162	0.0005583672840791881
163	0.0005519487067583724
164	0.0005456366400987283
165	0.0005394287691928884
166	0.000533322839609704
167	0.0005273166551960087
168	0.0005214080834009848
169	0.0005155950033268387
170	0.000509875389738979
171	0.0005042473006674966
172	0.0004987087721555144
173	0.0004932578922391248
174	0.00048789284760535816
175	0.00048261186561019976
176	0.00047741315533699836
177	0.0004722950079496457
178	0.00046725579490621607
179	0.0004622938831632448
180	0.00045740768327544464
181	0.0004525956818080776
182	0.0004478563616346953
183	0.0004431882470889392
184	0.00043858991355084383
185	0.0004340599666716727
186	0.0004296062062815614
187	0.0004252361039211745
188	0.00042094780099148263
189	0.0004167388223824307
190	0.00041260552125615534
191	0.00040854262988711227
192	0.00040454392029285575
193	0.00040060278272192613
194	0.00039671285061854795
195	0.00039286858577501117
196	0.0003890654633293245
197	0.0003853004412558124
198	0.0003815719638674681
199	0.00037787976257012165
200	0.0003742244673233559
201	0.0003706068823536168
202	0.00036702773602527097
203	0.0003634876652266503
204	0.0003599872867482274
205	0.0003565274014470691
206	0.0003531087783970769
207	0.00034973175707121924
208	0.0003463959267412532
209	0.00034309997397229163
210	0.0003398418812136415
211	0.00033661929339077166
212	0.00033342985524773076
213	0.0003302714758140057
214	0.0003271424166411828
215	0.0003240414366541075
216	0.00032096788946512207
217	0.00031792174960535796
218	0.000314903635241183
219	0.0003119147701605799
220	0.00030895674497627304
221	0.0003060313253419332
222	0.0003031401735206547
223	0.000300284391712256
224	0.0002974642657153541
225	0.0002946790725856624
226	0.00029192703354859206
227	0.0002892054883795416
228	0.0002865112422731658
229	0.00028384086151782403
230	0.0002811909819069867
231	0.0002785586377846141
232	0.0002759414373765233
233	0.000273337648071512
234	0.00027074627971491224
235	0.00026816697203246897
236	0.00026559984862386686
237	0.0002630454204442505
238	0.0002605044101784471
239	0.0002579775669936807
240	0.0002554656453039111
241	0.00025296930172239405
242	0.0002504890115410999
243	0.0002480251752631212
244	0.000245578180719139
245	0.00024314837202713764
246	0.00024073617277766728
247	0.00023834217340739562
248	0.00023596703551592195
249	0.0002336114711957209
250	0.0002312763679297724
251	0.0002289627201621014
252	0.00022667157431655738
253	0.00022440415644581603
254	0.00022216191572857163
255	0.0002199463672874081
256	0.00021775906793846487
257	0.00021560161993915402
258	0.0002134754762281863
259	0.00021138172702059958
260	0.00020932107648967578
261	0.00020729375488070742
262	0.00020529941095468975
263	0.00020333714904252506
264	0.00020140569610285953
265	0.00019950352296628927
266	0.0001976289928677371
267	0.00019578055251572176
268	0.00019395691576640445
269	0.00019215710217420249
270	0.00019038042076731512
271	0.00018862647395147478
272	0.00018689510019304062
273	0.00018518625519410925
274	0.00018349985686413084
275	0.0001818357764713429
276	0.00018019378693567457
277	0.0001785734663072606
278	0.0001769741049925164
279	0.00017539484124021754
280	0.0001738347128021343
281	0.00017229264288294276
282	0.00017076747869499488
283	0.00016925816992094855
284	0.00016776390044580093
285	0.0001662839992659678
286	0.00016481789649656426
287	0.00016336523273456763
288	0.00016192588037426388
289	0.00016049977534064613
290	0.0001590868502016052
291	0.00015768716289234555
292	0.00015630091059103666
293	0.0001549282664911639
294	0.00015356932793211142
295	0.00015222420198662628
296	0.0001508929641088197
297	0.00014957548513042676
298	0.00014827140449875386
299	0.00014698026948627938
300	0.00014570155400803035
301	0.00014443462441454254
302	0.00014317882118152557
303	0.0001419336134916082
304	0.00014069864979930884
305	0.0001394737017183352
306	0.00013825867011870894
307	0.00013705361499148272
308	0.00013585871462703502
309	0.0001346741916437104
310	0.0001335002603994141
311	0.00013233712500751094
312	0.0001311849373355701
313	0.000130043775607864
314	0.00012891365111526433
315	0.00012779448232521186
316	0.00012668609600919103
317	0.00012558823449234513
318	0.00012450061831675337
319	0.0001234229628696823
320	0.0001223549617799891
321	0.00012129633214135123
322	0.00012024687762843199
323	0.00011920650320389138
324	0.00011817517641166849
325	0.00011715290808427006
326	0.00011613979957468678
327	0.00011513602938082703
328	0.00011414178961401667
329	0.00011315724833985502
330	0.00011218255074678308
331	0.00011121781879777981
332	0.00011026309528147562
333	0.0001093182916983546
334	0.00010838320977980413
335	0.00010745757579340979
336	0.00010654104630401675
337	0.00010563320685530526
338	0.00010473363129574299
339	0.00010384196699163454
340	0.00010295797555797023
341	0.00010208151845544291
342	0.00010121256296071887
343	0.00010035120370090857
344	0.00009949765116526528
345	0.00009865216303339432
346	0.00009781497344880622
347	0.00009698626921800396
348	0.00009616618971101033
349	0.00009535479703410072
350	0.0000945520484854679
351	0.00009375779682311192
352	0.00009297182582583399
353	0.00009219388436003995
354	0.00009142370457627202
355	0.00009066101391612128
356	0.00008990555611348205
357	0.00008915710343362712
358	0.00008841547438810978
359	0.00008768054375855481
360	0.00008695225097854444
361	0.00008623058445931929
362	0.00008551555887767672
363	0.00008480720886397431
364	0.00008410560289121904
365	0.0000834108345487517
366	0.00008272298468525826
367	0.00008204208019293206
368	0.00008136808616945499
369	0.00008070092945038428
370	0.0000800405151503946
371	0.00007938670134776781
372	0.00007873928531187613
373	0.00007809803019958884
374	0.00007746271969598556
375	0.00007683319477390112
376	0.00007620934974603041
377	0.00007559111205218328
378	0.0000749784420930377
379	0.00007437135205748509
380	0.00007376990466619573
381	0.00007317417725995514
382	0.00007258421853288078
383	0.00007200002997278057
384	0.00007142156727435946
385	0.00007084876306603826
386	0.00007028152460389163
387	0.00006971972490439907
388	0.0000691632148812472
389	0.00006861185633301886
390	0.00006806554465418489
391	0.00006752421497390945
392	0.000066987831318173
393	0.00006645637313624494
394	0.0000659298411322126
395	0.00006540826385693654
396	0.00006489167743862118
397	0.0000643801055068443
398	0.00006387355133164717
399	0.00006337200074020038
400	0.00006287543268790197
