1	0.062005125444778895
2	0.045665343412960684
3	0.03724594186653453
4	0.031803585316508176
5	0.027893309570704683
6	0.02490376808777625
7	0.022521404689910703
8	0.02056544545187557
9	0.018923421569578245
10	0.017520841147109376
11	0.016305862919827368
12	0.015241152905824671
13	0.014299571017000997
14	0.0134600585695458
15	0.01270622384928568
16	0.012025226420608714
17	0.01140686697785165
18	0.010843089021902761
19	0.010326804555723185
20	0.00985209046537332
21	0.009414150347226782
22	0.009008578998983365
23	0.008631801931438745
24	0.008280853410646159
25	0.007952770762639227
26	0.007645258450081049
27	0.00735629716659725
28	0.007084284094911884
29	0.006827731299890998
30	0.00658555812077109
31	0.006356643993579024
32	0.006140095238521878
33	0.005935268732889825
34	0.005741333960915163
35	0.005557598480512366
36	0.005383355152812579
37	0.005217938549236316
38	0.005060575290758503
39	0.004910742766129898
40	0.00476778865926895
41	0.004631144162045306
42	0.004500321788173843
43	0.0043748204422322835
44	0.004254301731416822
45	0.004138537002053317
46	0.00402725095553695
47	0.003920202869237205
48	0.0038172189202183146
49	0.003718245800290713
50	0.0036231450264168283
51	0.003531824731173002
52	0.003444040435552002
53	0.003359636285645246
54	0.0032784719780116233
55	0.0032003950102052437
56	0.0031251795896754813
57	0.0030525626351427014
58	0.002982405783572307
59	0.0029145637291044
60	0.0028488747489132616
61	0.0027852182350540833
62	0.0027234825653553057
63	0.002663592101091642
64	0.0026054912484948923
65	0.0025491197428638263
66	0.0024944592820817396
67	0.002441466798926601
68	0.0023901212059216103
69	0.002340388499791954
70	0.00229221481998687
71	0.002245554996685069
72	0.0022003468936337206
73	0.0021565336161874266
74	0.002114033680572165
75	0.0020727448019082903
76	0.0020326019631360342
77	0.0019935276853125677
78	0.0019554224758756224
79	0.0019182373779830055
80	0.00188196031551725
81	0.0018465293738839355
82	0.0018118684851600648
83	0.0017779909102340868
84	0.0017449503398707618
85	0.0017127462175409755
86	0.0016813508954928987
87	0.0016507790584834835
88	0.001621064910134345
89	0.0015922125779872427
90	0.0015642007356295614
91	0.001536997697040139
92	0.0015105726873908378
93	0.0014848746290553265
94	0.0014598485647104923
95	0.0014354658939083893
96	0.0014117314415265589
97	0.0013886385616666869
98	0.0013661911378215522
99	0.0013444473471530879
100	0.0013235182356028726
101	0.0013035328389153012
102	0.0012846170309572394
103	0.001266910119959491
104	0.001250554203862169
105	0.0012356761908620352
106	0.0012223775265088636
107	0.0012107064678815952
108	0.0012006376538666375
109	0.0011920682979247854
110	0.0011848385096612018
111	0.00117872060494552
112	0.0011734050010086864
113	0.0011685092120285508
114	0.0011636148740916516
115	0.001158283647275161
116	0.0011520672980712082
117	0.0011445318198439539
118	0.0011352882791845762
119	0.0011240112789256062
120	0.0011104558868037001
121	0.0010944585694246476
122	0.0010759604451254907
123	0.0010549946283370387
124	0.001031692452793748
125	0.0010062725799878146
126	0.0009790295305963826
127	0.0009503118069249324
128	0.0009205012381364594
129	0.0008899979578787416
130	0.0008592042362992006
131	0.0008285186660213652
132	0.0007983079559487123
133	0.0007688820634342838
134	0.0007405031827352865
135	0.0007133806596960371
136	0.0006876770040341192
137	0.0006634984915256348
138	0.0006408943258945222
139	0.000619876193174452
140	0.0006004245336690702
141	0.0005824989075861567
142	0.0005660397282612674
143	0.0005509743820614627
144	0.0005372234444409317
145	0.0005247066968299193
146	0.0005133407775743269
147	0.0005030553167469942
148	0.0004937731493542346
149	0.00048542660748359534
150	0.00047794510544162854
151	0.00047126611956219215
152	0.0004653266489203333
153	0.0004600596985999082
154	0.00045540085618134046
155	0.0004512854880870281
156	0.00044764886435017404
157	0.00044442807108862443
158	0.00044156438334698255
159	0.00043900483824679495
160	0.0004367033840757311
161	0.00043461004633708905
162	0.0004326963910182391
163	0.0004309267118496937
164	0.00042927604498867953
165	0.0004277244285554213
166	0.0004262546446102659
167	0.0004248573414221327
168	0.00042351923794621316
169	0.00042223027977589413
170	0.00042098969966665575
171	0.00041977649783565374
172	0.0004185880448010017
173	0.0004174116207039224
174	0.0004162338905639749
175	0.00041504214105802807
176	0.000413829269821926
177	0.0004125813557411872
178	0.00041129819505334977
179	0.0004099664670466699
180	0.0004085839660201449
181	0.0004071516119396266
182	0.00040566600755858684
183	0.0004041314263064864
184	0.00040255180160273185
185	0.0004009303189762311
186	0.00039926938494610706
187	0.0003975748248531556
188	0.0003958449405104852
189	0.0003940862143161699
190	0.0003922988309462989
191	0.00039048079821259944
192	0.00038863307454050435
193	0.0003867510958592464
194	0.0003848305666918421
195	0.0003828692469734431
196	0.0003808686285166618
197	0.0003788312679630057
198	0.0003767537311955317
199	0.00037464018302351077
200	0.00037249595896475356
201	0.00037032183341870304
202	0.0003681258769400906
203	0.00036590724898298457
204	0.0003636703986776602
205	0.00036141721926961044
206	0.000359153511787011
207	0.00035687766681927056
208	0.0003545940476510308
209	0.000352303428254372
210	0.0003500072534748091
211	0.00034770070488495216
212	0.00034538475061765843
213	0.00034305997893785655
214	0.0003407294627648261
215	0.0003383845743535775
216	0.0003360343980640862
217	0.00033367704818222215
218	0.0003313142394763975
219	0.00032894985304692806
220	0.00032658781263635635
221	0.0003242250061816814
222	0.0003218693445854216
223	0.0003195234637266597
224	0.00031718503287775905
225	0.0003148617614318731
226	0.0003125439149957952
227	0.00031023497419448213
228	0.0003079317991901759
229	0.00030562923909099426
230	0.0003033271171932634
231	0.0003010260687241789
232	0.0002987181051865428
233	0.00029640568823748086
234	0.0002940934818809627
235	0.0002917685446917172
236	0.0002894407931787317
237	0.0002871177742607365
238	0.0002847873150641241
239	0.00028246041686675124
240	0.00028013211595280394
241	0.00027780842135538656
242	0.00027548373752466664
243	0.0002731679963022708
244	0.00027085764627955976
245	0.00026855117611638467
246	0.0002662504353756465
247	0.00026395984216770365
248	0.0002616769919167511
249	0.0002594042359335563
250	0.00025714637115418224
251	0.0002548990939688171
252	0.00025266588825118285
253	0.00025044465350827636
254	0.00024824557127616534
255	0.00024606391764591057
256	0.00024390176564571613
257	0.0002417662578517105
258	0.0002396549785691616
259	0.00023756811408704682
260	0.00023550928649061526
261	0.00023347966835359757
262	0.00023147306378552024
263	0.00022949178132274824
264	0.00022754422885139526
265	0.0002256182952089347
266	0.00022371067328047338
267	0.0002218311717974337
268	0.0002199696862421775
269	0.00021812751103247372
270	0.00021630299816287178
271	0.000214498807521164
272	0.00021271244764103393
273	0.000210950323230725
274	0.00020920262169973528
275	0.0002074766405176728
276	0.00020576712061329635
277	0.0002040760656439342
278	0.0002024043078698966
279	0.0002007510424168388
280	0.00019911585994158916
281	0.00019749092254131524
282	0.00019588977509714126
283	0.00019429099544442035
284	0.0001927149340360933
285	0.0001911460989053501
286	0.00018959408104058702
287	0.00018804761141294132
288	0.00018651530378499168
289	0.00018499767753892503
290	0.00018348887668362586
291	0.00018199199503246232
292	0.00018050611464492838
293	0.00017903245863579148
294	0.00017757647619085434
295	0.00017612524941573688
296	0.0001746940909186785
297	0.00017327139370486929
298	0.00017186526022683639
299	0.00017047095927736128
300	0.00016908576101753287
301	0.00016770500924262477
302	0.00016634619112602364
303	0.00016499446768260197
304	0.000163648381051555
305	0.00016231773695005457
306	0.00016099191264842824
307	0.00015967811065160082
308	0.00015837226908235028
309	0.0001570777828070268
310	0.00015578990587843897
311	0.00015452001653609208
312	0.00015325329650506904
313	0.00015199952209432352
314	0.00015076007883125698
315	0.00014952755236098493
316	0.00014830540000763034
317	0.00014709723368693927
318	0.00014589698145256826
319	0.0001447087302630936
320	0.00014352652547272837
321	0.0001423583797055521
322	0.0001411952813814844
323	0.00014004540523195364
324	0.0001389042505676226
325	0.00013777045558284083
326	0.00013664138818490743
327	0.00013552978307576258
328	0.00013442493224692206
329	0.00013332402543837657
330	0.00013224230560957657
331	0.00013116956364184117
332	0.00013010070998241817
333	0.0001290479443492507
334	0.0001280007308337034
335	0.00012696992485245994
336	0.00012594177041683804
337	0.00012492472842103977
338	0.00012392253664194233
339	0.0001229201483929371
340	0.00012192566393985418
341	0.00012094545636304681
342	0.00011997066392353398
343	0.00011899799352691085
344	0.00011803983266296419
345	0.00011709085506276103
346	0.0001161508920575277
347	0.00011521604637356278
348	0.00011429127281450794
349	0.0001133754401916157
350	0.00011247384485862035
351	0.00011157179993130847
352	0.00011068348728663284
353	0.00010980416458609197
354	0.00010893862284046129
355	0.00010807013724662651
356	0.00010720917634053825
357	0.00010636361877453448
358	0.00010552507593124055
359	0.00010469162150064758
360	0.00010386310943470512
361	0.00010304170638203174
362	0.0001022329131691745
363	0.00010142950968546665
364	0.00010062751660005195
365	0.00009983206628767433
366	0.00009905468506628367
367	0.00009828248196514114
368	0.00009751146697694165
369	0.00009674650391356968
370	0.00009599132257208047
371	0.00009524944378177264
372	0.00009451263732980808
373	0.0000937797922308184
374	0.0000930483456346865
375	0.00009232725989617779
376	0.00009161123801148417
377	0.00009090530990594571
378	0.00009020642078384612
379	0.00008951379458510288
380	0.00008881959186087279
381	0.00008813237282445398
382	0.0000874644273870929
383	0.00008678659834333287
384	0.00008612707842131835
385	0.00008546135230117815
386	0.00008480737433357633
387	0.0000841663325698604
388	0.00008352619497390437
389	0.00008289048304072305
390	0.00008226231442753163
391	0.00008163723773483532
392	0.00008101353356957816
393	0.00008040186869866451
394	0.000079799596256343
395	0.0000791962469514596
396	0.00007859877142501455
397	0.00007800858177899778
398	0.00007742528936804869
399	0.00007684389140308055
400	0.00007626688747183584
