5 1.46693e-05
6 2.96195e-05
7 5.31835e-05
8 8.75287e-05
9 0.000134649
10 0.000196223
11 0.000273502
12 0.000367222
13 0.000477555
14 0.000604085
15 0.000745836
16 0.000901309
17 0.00106857
18 0.00124531
19 0.00142901
20 0.00161698
21 0.00180649
22 0.00199492
23 0.00217974
24 0.00235868
25 0.00252972
26 0.00269117
27 0.00284164
28 0.00298009
29 0.00310576
30 0.00321826
31 0.00331739
32 0.00340324
33 0.0034761
34 0.00353639
35 0.0035847
36 0.00362171
37 0.00364813
38 0.00366477
39 0.00367241
40 0.00367185
41 0.00366388
42 0.00364926
43 0.00362871
44 0.00360288
45 0.00357246
46 0.003538
47 0.00350005
48 0.00345911
49 0.00341563
50 0.00337001
51 0.00332263
52 0.00327382
53 0.00322387
54 0.00317305
55 0.00312159
56 0.0030697
57 0.00301756
58 0.00296533
59 0.00291316
60 0.00286116
61 0.00280945
62 0.00275811
63 0.00270724
64 0.0026569
65 0.00260717
66 0.00255809
67 0.00250972
68 0.0024621
69 0.00241527
70 0.00236928
71 0.00232415
72 0.00227987
73 0.00223654
74 0.00219416
75 0.00215272
76 0.00211225
77 0.00207279
78 0.00203432
79 0.00199688
80 0.00196046
81 0.00192505
82 0.00189066
83 0.00185727
84 0.00182486
85 0.0017934
86 0.00176284
87 0.00173317
88 0.00170431
89 0.00167619
90 0.00164875
91 0.00162191
92 0.00159559
93 0.00156969
94 0.00154412
95 0.00151878
96 0.00149359
97 0.00146845
98 0.00144328
99 0.00141801
100 0.00139257
101 0.0013669
102 0.00134098
103 0.00131478
104 0.00128829
105 0.00126152
106 0.0012345
107 0.00120728
108 0.00117991
109 0.00115246
110 0.00112501
111 0.00109765
112 0.00107047
113 0.00104357
114 0.00101704
115 0.00099098
116 0.000965483
117 0.000940631
118 0.000916502
119 0.000893163
120 0.000870676
121 0.000849083
122 0.000828419
123 0.000808707
124 0.00078996
125 0.00077218
126 0.000755355
127 0.00073947
128 0.0007245
129 0.000710416
130 0.000697176
131 0.000684739
132 0.00067306
133 0.000662094
134 0.000651793
135 0.000642104
136 0.000632976
137 0.000624363
138 0.000616221
139 0.000608507
140 0.000601175
141 0.000594185
142 0.000587501
143 0.000581088
144 0.000574914
145 0.000568951
146 0.000563172
147 0.000557555
148 0.00055208
149 0.000546727
150 0.000541478
151 0.000536317
152 0.000531231
153 0.000526212
154 0.00052125
155 0.000516337
156 0.000511467
157 0.000506632
158 0.000501827
159 0.000497048
160 0.000492292
161 0.000487557
162 0.000482845
163 0.000478154
164 0.00047348
165 0.00046882
166 0.000464174
167 0.000459545
168 0.000454934
169 0.000450342
170 0.000445768
171 0.000441212
172 0.000436674
173 0.000432157
174 0.000427662
175 0.000423189
176 0.00041874
177 0.000414315
178 0.000409915
179 0.000405541
180 0.000401194
181 0.000396875
182 0.000392584
183 0.000388323
184 0.000384093
185 0.000379895
186 0.000375727
187 0.000371591
188 0.000367487
189 0.000363417
190 0.00035938
191 0.000355377
192 0.000351408
193 0.000347473
194 0.00034357
195 0.000339701
196 0.000335866
197 0.000332066
198 0.000328301
199 0.00032457
200 0.000320873
201 0.00031721
202 0.000313581
203 0.000309986
204 0.000306426
205 0.000302902
206 0.000299413
207 0.000295959
208 0.000292541
209 0.000289158
210 0.000285812
211 0.000282506
212 0.00027924
213 0.00027601
214 0.000272807
215 0.000269626
