  0.714286E-04  0.156076E+08  0.156076E+08  0.203981E+08  0.203972E+08  0.156086E+08  0.156076E+08
  0.996866E-04  0.156066E+08  0.156066E+08  0.200132E+08  0.200116E+08  0.156057E+08  0.156066E+08
  0.139124E-03  0.156046E+08  0.156046E+08  0.192829E+08  0.192800E+08  0.156000E+08  0.156046E+08
  0.194163E-03  0.156008E+08  0.156008E+08  0.179315E+08  0.179263E+08  0.155890E+08  0.156008E+08
  0.270976E-03  0.155934E+08  0.155934E+08  0.155505E+08  0.155423E+08  0.155678E+08  0.155933E+08
  0.378178E-03  0.155795E+08  0.155794E+08  0.117478E+08  0.117372E+08  0.155270E+08  0.155792E+08
  0.527790E-03  0.155534E+08  0.155534E+08  0.677640E+07  0.676890E+07  0.154497E+08  0.155529E+08
  0.736590E-03  0.155065E+08  0.155064E+08  0.254357E+07  0.254606E+07  0.153059E+08  0.155055E+08
  0.102799E-02  0.154255E+08  0.154254E+08  0.117737E+07  0.117837E+07  0.150477E+08  0.154237E+08
  0.143468E-02  0.152921E+08  0.152918E+08  0.578307E+06  0.573382E+06  0.146083E+08  0.152887E+08
  0.200226E-02  0.150801E+08  0.150796E+08  0.000000E+00  0.000000E+00  0.139263E+08  0.150744E+08
  0.279438E-02  0.147558E+08  0.147547E+08  0.000000E+00  0.000000E+00  0.129788E+08  0.147469E+08
  0.389987E-02  0.142809E+08  0.142789E+08  0.000000E+00  0.000000E+00  0.117774E+08  0.142683E+08
  0.403205E-02  0.142236E+08  0.142215E+08  0.000000E+00  0.000000E+00  0.116430E+08  0.142107E+08
  0.416872E-02  0.141644E+08  0.141622E+08  0.000000E+00  0.000000E+00  0.115061E+08  0.141511E+08
  0.431002E-02  0.141032E+08  0.141008E+08  0.000000E+00  0.000000E+00  0.113665E+08  0.140895E+08
  0.445611E-02  0.140400E+08  0.140375E+08  0.000000E+00  0.000000E+00  0.112244E+08  0.140259E+08
  0.460715E-02  0.139748E+08  0.139721E+08  0.000000E+00  0.000000E+00  0.110794E+08  0.139602E+08
  0.476331E-02  0.139074E+08  0.139046E+08  0.000000E+00  0.000000E+00  0.109322E+08  0.138925E+08
  0.492476E-02  0.138380E+08  0.138349E+08  0.000000E+00  0.000000E+00  0.107825E+08  0.138226E+08
  0.509169E-02  0.137664E+08  0.137631E+08  0.000000E+00  0.000000E+00  0.106303E+08  0.137505E+08
  0.526427E-02  0.136925E+08  0.136891E+08  0.000000E+00  0.000000E+00  0.104755E+08  0.136763E+08
  0.544270E-02  0.136165E+08  0.136128E+08  0.000000E+00  0.000000E+00  0.103181E+08  0.135998E+08
  0.562719E-02  0.135385E+08  0.135346E+08  0.000000E+00  0.000000E+00  0.101371E+08  0.135213E+08
  0.581792E-02  0.134579E+08  0.134537E+08  0.000000E+00  0.000000E+00  0.997122E+07  0.134401E+08
  0.601512E-02  0.133748E+08  0.133704E+08  0.000000E+00  0.000000E+00  0.980239E+07  0.133566E+08
  0.621900E-02  0.132894E+08  0.132846E+08  0.000000E+00  0.000000E+00  0.963060E+07  0.132707E+08
  0.642980E-02  0.132015E+08  0.131965E+08  0.000000E+00  0.000000E+00  0.945596E+07  0.131824E+08
  0.664773E-02  0.131112E+08  0.131058E+08  0.000000E+00  0.000000E+00  0.927867E+07  0.130916E+08
  0.687306E-02  0.130183E+08  0.130126E+08  0.000000E+00  0.000000E+00  0.909904E+07  0.129982E+08
  0.710602E-02  0.129229E+08  0.129168E+08  0.000000E+00  0.000000E+00  0.891748E+07  0.129023E+08
  0.734688E-02  0.128246E+08  0.128182E+08  0.000000E+00  0.000000E+00  0.873421E+07  0.128036E+08
  0.759591E-02  0.127240E+08  0.127171E+08  0.000000E+00  0.000000E+00  0.855013E+07  0.127024E+08
  0.785337E-02  0.126206E+08  0.126133E+08  0.000000E+00  0.000000E+00  0.836521E+07  0.125986E+08
  0.811956E-02  0.125146E+08  0.125068E+08  0.000000E+00  0.000000E+00  0.817959E+07  0.124921E+08
  0.839477E-02  0.124058E+08  0.123976E+08  0.000000E+00  0.000000E+00  0.799324E+07  0.123829E+08
  0.867932E-02  0.122943E+08  0.122855E+08  0.000000E+00  0.000000E+00  0.780602E+07  0.122709E+08
  0.897350E-02  0.121800E+08  0.121707E+08  0.000000E+00  0.000000E+00  0.761772E+07  0.121562E+08
  0.927766E-02  0.120629E+08  0.120530E+08  0.000000E+00  0.000000E+00  0.742836E+07  0.120386E+08
  0.959213E-02  0.119428E+08  0.119324E+08  0.000000E+00  0.000000E+00  0.723792E+07  0.119181E+08
  0.991725E-02  0.118199E+08  0.118088E+08  0.000000E+00  0.000000E+00  0.704658E+07  0.117947E+08
  0.102534E-01  0.116940E+08  0.116823E+08  0.000000E+00  0.000000E+00  0.685461E+07  0.116684E+08
  0.106009E-01  0.115652E+08  0.115527E+08  0.000000E+00  0.000000E+00  0.666233E+07  0.115391E+08
  0.109603E-01  0.114333E+08  0.114201E+08  0.000000E+00  0.000000E+00  0.647007E+07  0.114068E+08
  0.113318E-01  0.112984E+08  0.112844E+08  0.000000E+00  0.000000E+00  0.627812E+07  0.112715E+08
  0.117159E-01  0.111605E+08  0.111457E+08  0.000000E+00  0.000000E+00  0.608677E+07  0.111332E+08
  0.121130E-01  0.110194E+08  0.110038E+08  0.000000E+00  0.000000E+00  0.589630E+07  0.109918E+08
  0.125235E-01  0.108753E+08  0.108588E+08  0.000000E+00  0.000000E+00  0.570682E+07  0.108472E+08
  0.129480E-01  0.107280E+08  0.107105E+08  0.000000E+00  0.000000E+00  0.551852E+07  0.106996E+08
  0.133869E-01  0.105776E+08  0.105592E+08  0.000000E+00  0.000000E+00  0.533129E+07  0.105488E+08
  0.138406E-01  0.104240E+08  0.104046E+08  0.000000E+00  0.000000E+00  0.514510E+07  0.103949E+08
  0.143098E-01  0.102672E+08  0.102468E+08  0.000000E+00  0.000000E+00  0.496011E+07  0.102378E+08
  0.147948E-01  0.101073E+08  0.100858E+08  0.000000E+00  0.000000E+00  0.477672E+07  0.100776E+08
  0.152963E-01  0.994428E+07  0.992159E+07  0.000000E+00  0.000000E+00  0.459540E+07  0.991431E+07
  0.158147E-01  0.977809E+07  0.975424E+07  0.000000E+00  0.000000E+00  0.441647E+07  0.974786E+07
  0.163508E-01  0.960881E+07  0.958376E+07  0.000000E+00  0.000000E+00  0.424002E+07  0.957834E+07
  0.169050E-01  0.943646E+07  0.941017E+07  0.000000E+00  0.000000E+00  0.406605E+07  0.940577E+07
  0.174780E-01  0.926111E+07  0.923355E+07  0.000000E+00  0.000000E+00  0.389464E+07  0.923022E+07
  0.180704E-01  0.908282E+07  0.905397E+07  0.000000E+00  0.000000E+00  0.372595E+07  0.905176E+07
  0.186829E-01  0.890169E+07  0.887152E+07  0.000000E+00  0.000000E+00  0.356021E+07  0.887048E+07
  0.193162E-01  0.871782E+07  0.868630E+07  0.000000E+00  0.000000E+00  0.339769E+07  0.868648E+07
  0.199709E-01  0.853133E+07  0.849846E+07  0.000000E+00  0.000000E+00  0.323862E+07  0.849989E+07
  0.206478E-01  0.834239E+07  0.830816E+07  0.000000E+00  0.000000E+00  0.308311E+07  0.831088E+07
  0.213477E-01  0.815116E+07  0.811557E+07  0.000000E+00  0.000000E+00  0.293113E+07  0.811961E+07
  0.220713E-01  0.795786E+07  0.792092E+07  0.000000E+00  0.000000E+00  0.278286E+07  0.792630E+07
  0.228194E-01  0.776272E+07  0.772446E+07  0.000000E+00  0.000000E+00  0.263859E+07  0.773118E+07
  0.235928E-01  0.756602E+07  0.752646E+07  0.000000E+00  0.000000E+00  0.249851E+07  0.753453E+07
  0.243925E-01  0.736806E+07  0.732724E+07  0.000000E+00  0.000000E+00  0.236265E+07  0.733665E+07
  0.252193E-01  0.716918E+07  0.712717E+07  0.000000E+00  0.000000E+00  0.223108E+07  0.713790E+07
  0.260741E-01  0.696978E+07  0.692663E+07  0.000000E+00  0.000000E+00  0.210393E+07  0.693865E+07
  0.269579E-01  0.677027E+07  0.672608E+07  0.000000E+00  0.000000E+00  0.198139E+07  0.673934E+07
  0.278716E-01  0.657111E+07  0.652599E+07  0.000000E+00  0.000000E+00  0.186356E+07  0.654042E+07
  0.288163E-01  0.637282E+07  0.632689E+07  0.000000E+00  0.000000E+00  0.175040E+07  0.634241E+07
  0.297931E-01  0.617594E+07  0.612932E+07  0.000000E+00  0.000000E+00  0.164202E+07  0.614584E+07
  0.308029E-01  0.598104E+07  0.593390E+07  0.000000E+00  0.000000E+00  0.153856E+07  0.595130E+07
  0.318470E-01  0.578874E+07  0.574125E+07  0.000000E+00  0.000000E+00  0.144000E+07  0.575939E+07
  0.329264E-01  0.559965E+07  0.555200E+07  0.000000E+00  0.000000E+00  0.134633E+07  0.557074E+07
  0.340425E-01  0.541443E+07  0.536684E+07  0.000000E+00  0.000000E+00  0.125758E+07  0.538600E+07
  0.351964E-01  0.523343E+07  0.518611E+07  0.000000E+00  0.000000E+00  0.117370E+07  0.520552E+07
  0.363893E-01  0.505641E+07  0.500960E+07  0.000000E+00  0.000000E+00  0.109438E+07  0.502907E+07
  0.376228E-01  0.488506E+07  0.483900E+07  0.000000E+00  0.000000E+00  0.101985E+07  0.485831E+07
  0.388980E-01  0.472009E+07  0.467504E+07  0.000000E+00  0.000000E+00  0.950064E+06  0.469398E+07
  0.402164E-01  0.456213E+07  0.451834E+07  0.000000E+00  0.000000E+00  0.884885E+06  0.453669E+07
  0.415796E-01  0.441162E+07  0.436934E+07  0.000000E+00  0.000000E+00  0.824192E+06  0.438688E+07
  0.429889E-01  0.426882E+07  0.422830E+07  0.000000E+00  0.000000E+00  0.767794E+06  0.424480E+07
  0.444460E-01  0.413377E+07  0.409523E+07  0.000000E+00  0.000000E+00  0.715438E+06  0.411050E+07
  0.459526E-01  0.400628E+07  0.396991E+07  0.000000E+00  0.000000E+00  0.666901E+06  0.398376E+07
  0.475101E-01  0.388596E+07  0.385193E+07  0.000000E+00  0.000000E+00  0.621877E+06  0.386421E+07
  0.491205E-01  0.377227E+07  0.374071E+07  0.000000E+00  0.000000E+00  0.580096E+06  0.375129E+07
  0.507854E-01  0.366454E+07  0.363552E+07  0.000000E+00  0.000000E+00  0.541255E+06  0.364434E+07
  0.525068E-01  0.356208E+07  0.353563E+07  0.000000E+00  0.000000E+00  0.505094E+06  0.354264E+07
  0.542865E-01  0.346412E+07  0.344020E+07  0.000000E+00  0.000000E+00  0.471358E+06  0.344543E+07
  0.561266E-01  0.336999E+07  0.334849E+07  0.000000E+00  0.000000E+00  0.439822E+06  0.335202E+07
  0.587721E-01  0.324870E+07  0.323026E+07  0.000000E+00  0.000000E+00  0.399953E+06  0.323165E+07
  0.614176E-01  0.313161E+07  0.311563E+07  0.000000E+00  0.000000E+00  0.364320E+06  0.311538E+07
  0.640631E-01  0.301821E+07  0.300405E+07  0.000000E+00  0.000000E+00  0.332350E+06  0.300269E+07
  0.667086E-01  0.290583E+07  0.289285E+07  0.000000E+00  0.000000E+00  0.303328E+06  0.289091E+07
  0.693541E-01  0.279292E+07  0.278054E+07  0.000000E+00  0.000000E+00  0.276776E+06  0.277853E+07
  0.719996E-01  0.267913E+07  0.266681E+07  0.000000E+00  0.000000E+00  0.252401E+06  0.266518E+07
  0.746451E-01  0.256506E+07  0.255239E+07  0.000000E+00  0.000000E+00  0.230030E+06  0.255150E+07
  0.772906E-01  0.245192E+07  0.243862E+07  0.000000E+00  0.000000E+00  0.209564E+06  0.243871E+07
  0.799361E-01  0.234118E+07  0.232708E+07  0.000000E+00  0.000000E+00  0.190935E+06  0.232828E+07
  0.825816E-01  0.223427E+07  0.221934E+07  0.000000E+00  0.000000E+00  0.174064E+06  0.222166E+07
  0.852271E-01  0.213247E+07  0.211680E+07  0.000000E+00  0.000000E+00  0.158875E+06  0.212016E+07
  0.878726E-01  0.203691E+07  0.202066E+07  0.000000E+00  0.000000E+00  0.145274E+06  0.202490E+07
  0.905181E-01  0.194855E+07  0.193195E+07  0.000000E+00  0.000000E+00  0.133169E+06  0.193685E+07
  0.931636E-01  0.186813E+07  0.185148E+07  0.000000E+00  0.000000E+00  0.122461E+06  0.185676E+07
  0.958091E-01  0.179612E+07  0.177969E+07  0.000000E+00  0.000000E+00  0.113036E+06  0.178510E+07
  0.984546E-01  0.173256E+07  0.171665E+07  0.000000E+00  0.000000E+00  0.104774E+06  0.172189E+07
  0.101100E+00  0.167706E+07  0.166191E+07  0.000000E+00  0.000000E+00  0.975366E+05  0.166676E+07
  0.103746E+00  0.162883E+07  0.161464E+07  0.000000E+00  0.000000E+00  0.911810E+05  0.161890E+07
  0.106391E+00  0.158678E+07  0.157369E+07  0.000000E+00  0.000000E+00  0.855639E+05  0.157722E+07
  0.109037E+00  0.154967E+07  0.153774E+07  0.000000E+00  0.000000E+00  0.805521E+05  0.154046E+07
  0.111682E+00  0.151619E+07  0.150542E+07  0.000000E+00  0.000000E+00  0.760259E+05  0.150732E+07
  0.114328E+00  0.148506E+07  0.147538E+07  0.000000E+00  0.000000E+00  0.718811E+05  0.147651E+07
  0.116973E+00  0.145509E+07  0.144638E+07  0.000000E+00  0.000000E+00  0.680292E+05  0.144684E+07
  0.119619E+00  0.142522E+07  0.141733E+07  0.000000E+00  0.000000E+00  0.643998E+05  0.141723E+07
  0.122264E+00  0.139461E+07  0.138733E+07  0.000000E+00  0.000000E+00  0.609400E+05  0.138686E+07
  0.124910E+00  0.136267E+07  0.135582E+07  0.000000E+00  0.000000E+00  0.576143E+05  0.135513E+07
  0.127555E+00  0.132917E+07  0.132255E+07  0.000000E+00  0.000000E+00  0.544046E+05  0.132182E+07
  0.130201E+00  0.129416E+07  0.128760E+07  0.000000E+00  0.000000E+00  0.513079E+05  0.128697E+07
  0.132846E+00  0.125796E+07  0.125131E+07  0.000000E+00  0.000000E+00  0.483304E+05  0.125092E+07
  0.135492E+00  0.122105E+07  0.121419E+07  0.000000E+00  0.000000E+00  0.454834E+05  0.121414E+07
  0.138137E+00  0.118397E+07  0.117684E+07  0.000000E+00  0.000000E+00  0.427788E+05  0.117718E+07
  0.140783E+00  0.114729E+07  0.113986E+07  0.000000E+00  0.000000E+00  0.402279E+05  0.114062E+07
  0.143428E+00  0.111155E+07  0.110382E+07  0.000000E+00  0.000000E+00  0.378399E+05  0.110499E+07
  0.146074E+00  0.107726E+07  0.106928E+07  0.000000E+00  0.000000E+00  0.356205E+05  0.107081E+07
  0.148719E+00  0.104491E+07  0.103675E+07  0.000000E+00  0.000000E+00  0.335737E+05  0.103858E+07
  0.151365E+00  0.101489E+07  0.100664E+07  0.000000E+00  0.000000E+00  0.317010E+05  0.100868E+07
  0.154010E+00  0.987494E+06  0.979267E+06  0.000000E+00  0.000000E+00  0.299986E+05  0.981415E+06
  0.156656E+00  0.962839E+06  0.954733E+06  0.000000E+00  0.000000E+00  0.284585E+05  0.956893E+06
  0.159301E+00  0.940875E+06  0.932989E+06  0.000000E+00  0.000000E+00  0.270678E+05  0.935068E+06
  0.161947E+00  0.921386E+06  0.913803E+06  0.000000E+00  0.000000E+00  0.258105E+05  0.915719E+06
  0.164592E+00  0.904033E+06  0.896818E+06  0.000000E+00  0.000000E+00  0.246681E+05  0.898508E+06
  0.167238E+00  0.888409E+06  0.881607E+06  0.000000E+00  0.000000E+00  0.236219E+05  0.883026E+06
  0.169883E+00  0.874089E+06  0.867718E+06  0.000000E+00  0.000000E+00  0.226547E+05  0.868845E+06
  0.172529E+00  0.860655E+06  0.854710E+06  0.000000E+00  0.000000E+00  0.217509E+05  0.855545E+06
  0.175174E+00  0.847713E+06  0.842167E+06  0.000000E+00  0.000000E+00  0.208969E+05  0.842730E+06
  0.177820E+00  0.834902E+06  0.829713E+06  0.000000E+00  0.000000E+00  0.200808E+05  0.830040E+06
  0.180465E+00  0.821912E+06  0.817021E+06  0.000000E+00  0.000000E+00  0.192936E+05  0.817160E+06
  0.183111E+00  0.808498E+06  0.803840E+06  0.000000E+00  0.000000E+00  0.185282E+05  0.803848E+06
  0.185756E+00  0.794506E+06  0.790011E+06  0.000000E+00  0.000000E+00  0.177802E+05  0.789948E+06
  0.188402E+00  0.779881E+06  0.775482E+06  0.000000E+00  0.000000E+00  0.170477E+05  0.775408E+06
  0.191047E+00  0.764665E+06  0.760300E+06  0.000000E+00  0.000000E+00  0.163313E+05  0.760268E+06
  0.193693E+00  0.748978E+06  0.744596E+06  0.000000E+00  0.000000E+00  0.156330E+05  0.744651E+06
  0.196338E+00  0.732991E+06  0.728553E+06  0.000000E+00  0.000000E+00  0.149557E+05  0.728729E+06
  0.198984E+00  0.716904E+06  0.712385E+06  0.000000E+00  0.000000E+00  0.143023E+05  0.712703E+06
  0.201629E+00  0.700918E+06  0.696308E+06  0.000000E+00  0.000000E+00  0.136760E+05  0.696777E+06
  0.204275E+00  0.685242E+06  0.680545E+06  0.000000E+00  0.000000E+00  0.130794E+05  0.681160E+06
  0.212445E+00  0.640794E+06  0.635961E+06  0.000000E+00  0.000000E+00  0.114454E+05  0.636897E+06
  0.220941E+00  0.603848E+06  0.599218E+06  0.000000E+00  0.000000E+00  0.100897E+05  0.600159E+06
  0.229778E+00  0.574687E+06  0.570562E+06  0.000000E+00  0.000000E+00  0.898031E+04  0.571221E+06
  0.238968E+00  0.549068E+06  0.545502E+06  0.000000E+00  0.000000E+00  0.802123E+04  0.545818E+06
  0.248525E+00  0.522267E+06  0.519047E+06  0.000000E+00  0.000000E+00  0.712971E+04  0.519204E+06
  0.258465E+00  0.492061E+06  0.488906E+06  0.000000E+00  0.000000E+00  0.627416E+04  0.489152E+06
  0.268802E+00  0.460828E+06  0.457624E+06  0.000000E+00  0.000000E+00  0.548590E+04  0.458058E+06
  0.279553E+00  0.432749E+06  0.429617E+06  0.000000E+00  0.000000E+00  0.480816E+04  0.430126E+06
  0.290733E+00  0.409475E+06  0.406602E+06  0.000000E+00  0.000000E+00  0.424507E+04  0.407007E+06
  0.302361E+00  0.388960E+06  0.386391E+06  0.000000E+00  0.000000E+00  0.376132E+04  0.386642E+06
  0.314454E+00  0.367876E+06  0.365486E+06  0.000000E+00  0.000000E+00  0.331698E+04  0.365689E+06
  0.327031E+00  0.345650E+06  0.343314E+06  0.000000E+00  0.000000E+00  0.290474E+04  0.343579E+06
  0.340110E+00  0.324608E+06  0.322341E+06  0.000000E+00  0.000000E+00  0.254168E+04  0.322649E+06
  0.353713E+00  0.306300E+06  0.304193E+06  0.000000E+00  0.000000E+00  0.223400E+04  0.304456E+06
  0.367859E+00  0.289654E+06  0.287723E+06  0.000000E+00  0.000000E+00  0.196726E+04  0.287920E+06
  0.382572E+00  0.272933E+06  0.271107E+06  0.000000E+00  0.000000E+00  0.172557E+04  0.271297E+06
  0.397873E+00  0.256440E+06  0.254686E+06  0.000000E+00  0.000000E+00  0.150876E+04  0.254897E+06
  0.413786E+00  0.241418E+06  0.239767E+06  0.000000E+00  0.000000E+00  0.132143E+04  0.239964E+06
  0.430335E+00  0.227666E+06  0.226133E+06  0.000000E+00  0.000000E+00  0.115904E+04  0.226298E+06
  0.447546E+00  0.214288E+06  0.212843E+06  0.000000E+00  0.000000E+00  0.101438E+04  0.213000E+06
  0.465446E+00  0.201436E+06  0.200065E+06  0.000000E+00  0.000000E+00  0.886372E+03  0.200223E+06
  0.484061E+00  0.189576E+06  0.188291E+06  0.000000E+00  0.000000E+00  0.775241E+03  0.188435E+06
  0.503421E+00  0.178409E+06  0.177205E+06  0.000000E+00  0.000000E+00  0.677854E+03  0.177336E+06
  0.523555E+00  0.167702E+06  0.166565E+06  0.000000E+00  0.000000E+00  0.591851E+03  0.166692E+06
  0.544495E+00  0.157670E+06  0.156602E+06  0.000000E+00  0.000000E+00  0.516751E+03  0.156721E+06
  0.566271E+00  0.148249E+06  0.147246E+06  0.000000E+00  0.000000E+00  0.451114E+03  0.147356E+06
  0.588919E+00  0.139301E+06  0.138358E+06  0.000000E+00  0.000000E+00  0.393473E+03  0.138462E+06
  0.612473E+00  0.130894E+06  0.130008E+06  0.000000E+00  0.000000E+00  0.343128E+03  0.130105E+06
  0.764886E+00  0.916462E+05  0.910262E+05  0.000000E+00  0.000000E+00  0.156810E+03  0.910938E+05
  0.955227E+00  0.637994E+05  0.633680E+05  0.000000E+00  0.000000E+00  0.708952E+02  0.634147E+05
  0.119293E+01  0.441867E+05  0.438879E+05  0.000000E+00  0.000000E+00  0.317664E+02  0.439202E+05
  0.148980E+01  0.304619E+05  0.302560E+05  0.000000E+00  0.000000E+00  0.195324E+02  0.302782E+05
  0.186053E+01  0.209123E+05  0.207709E+05  0.000000E+00  0.000000E+00  0.866557E+01  0.207861E+05
  0.232352E+01  0.143020E+05  0.142053E+05  0.000000E+00  0.000000E+00  0.382044E+01  0.142157E+05
  0.290172E+01  0.974741E+04  0.968152E+04  0.000000E+00  0.000000E+00  0.167558E+01  0.968859E+04
  0.362382E+01  0.662240E+04  0.657762E+04  0.000000E+00  0.000000E+00  0.731685E+00  0.658244E+04
  0.452560E+01  0.448633E+04  0.445597E+04  0.000000E+00  0.000000E+00  0.318323E+00  0.445925E+04
  0.565179E+01  0.303124E+04  0.301071E+04  0.000000E+00  0.000000E+00  0.138050E+00  0.301294E+04
  0.705823E+01  0.204314E+04  0.202927E+04  0.000000E+00  0.000000E+00  0.597006E-01  0.203080E+04
  0.881466E+01  0.137406E+04  0.136471E+04  0.000000E+00  0.000000E+00  0.257545E-01  0.136576E+04
  0.110082E+02  0.922181E+03  0.915875E+03  0.000000E+00  0.000000E+00  0.110860E-01  0.916603E+03
  0.137476E+02  0.617724E+03  0.613470E+03  0.000000E+00  0.000000E+00  0.476200E-02  0.613983E+03
  0.171686E+02  0.413044E+03  0.410168E+03  0.000000E+00  0.000000E+00  0.204183E-02  0.410537E+03
  0.214410E+02  0.275720E+03  0.273767E+03  0.000000E+00  0.000000E+00  0.873965E-03  0.274041E+03
  0.267766E+02  0.183760E+03  0.182424E+03  0.000000E+00  0.000000E+00  0.373480E-03  0.182635E+03
  0.334399E+02  0.122284E+03  0.121360E+03  0.000000E+00  0.000000E+00  0.159346E-03  0.121530E+03
  0.417614E+02  0.812533E+02  0.806020E+02  0.000000E+00  0.000000E+00  0.678892E-04  0.807455E+02
  0.521536E+02  0.539084E+02  0.534381E+02  0.000000E+00  0.000000E+00  0.288776E-04  0.535649E+02
  0.651320E+02  0.357097E+02  0.353589E+02  0.000000E+00  0.000000E+00  0.122619E-04  0.354754E+02
  0.813401E+02  0.236135E+02  0.233413E+02  0.000000E+00  0.000000E+00  0.519733E-05  0.234517E+02
  0.101581E+03  0.155832E+02  0.153625E+02  0.000000E+00  0.000000E+00  0.219852E-05  0.154693E+02
  0.126860E+03  0.102582E+02  0.100714E+02  0.000000E+00  0.000000E+00  0.927063E-06  0.101761E+02
  0.158429E+03  0.673115E+01  0.656705E+01  0.000000E+00  0.000000E+00  0.389767E-06  0.667018E+01
  0.197854E+03  0.439809E+01  0.425002E+01  0.000000E+00  0.000000E+00  0.163004E-06  0.435124E+01
  0.247089E+03  0.285752E+01  0.272215E+01  0.000000E+00  0.000000E+00  0.677621E-07  0.282037E+01
  0.308577E+03  0.184316E+01  0.171965E+01  0.000000E+00  0.000000E+00  0.279157E-07  0.181298E+01
  0.385366E+03  0.117862E+01  0.106796E+01  0.000000E+00  0.000000E+00  0.113895E-07  0.115389E+01
  0.481264E+03  0.747091E+00  0.651073E+00  0.000000E+00  0.000000E+00  0.460002E-08  0.726975E+00
  0.601026E+03  0.470583E+00  0.390453E+00  0.000000E+00  0.000000E+00  0.184677E-08  0.454540E+00
  0.750591E+03  0.296051E+00  0.231245E+00  0.000000E+00  0.000000E+00  0.738400E-09  0.283488E+00
  0.937375E+03  0.186799E+00  0.135157E+00  0.000000E+00  0.000000E+00  0.294719E-09  0.177027E+00
  0.117064E+04  0.118263E+00  0.776987E-01  0.000000E+00  0.000000E+00  0.118363E-09  0.110726E+00
