1	0.7717389562557682
2	0.4126246784474383
3	0.2704142669831644
4	0.19431514184443152
5	0.14738941554179358
6	0.11590513399958237
7	0.0935542947740325
8	0.07702562483970946
9	0.06441889071342709
10	0.05456609432564029
11	0.04671165235703294
12	0.040346510483214415
13	0.03511708373577321
14	0.030770316332024813
15	0.027120392253044124
16	0.024028949103295807
17	0.021389584211971797
18	0.019120942971378976
19	0.017158368899474585
20	0.01544992513877444
21	0.013955184002539926
22	0.012641054488380758
23	0.011480817947067063
24	0.010453195630586233
25	0.009539307710994843
26	0.008724286393149235
27	0.007994839485403868
28	0.007339836709217819
29	0.006750069658210829
30	0.00621769553580119
31	0.005735775045024691
32	0.005298646448178324
33	0.004901543545799122
34	0.0045400449508376205
35	0.004210385684732859
36	0.003909182869001854
37	0.003633642026187866
38	0.0033806687174515824
39	0.003148374204956635
40	0.00293468823706839
41	0.0027377453215963257
42	0.0025560971619305044
43	0.0023883544334137256
44	0.0022333097784587677
45	0.0020898454775572337
46	0.0019570582464635776
47	0.0018338354239939784
48	0.0017192145154937316
49	0.0016127033556402725
50	0.0015135543696217872
51	0.0014212668218730176
52	0.0013352018509370964
53	0.0012548395083305808
54	0.001179817674361575
55	0.0011098212535150215
56	0.0010444177508156709
57	0.0009831462407799382
58	0.0009257634325071051
59	0.0008719569795276036
60	0.0008214509993679074
61	0.0007740365905237103
62	0.0007294509252004576
63	0.0006874913328903853
64	0.0006480463289181423
65	0.00061093143841138
66	0.0005759633858835004
67	0.0005429558339842508
68	0.0005117865747400125
69	0.00048230781888034674
70	0.0004543560294092147
71	0.00042784036906651327
72	0.00040265547940052543
73	0.0003787583560580229
74	0.00035608403846366764
75	0.0003344988417086764
76	0.0003139396709689581
77	0.00029435957878372776
78	0.00027565787409890665
79	0.00025779776095993074
80	0.00024084619153602743
81	0.0002247828990333125
82	0.00020953862969986012
83	0.00019521142727706777
84	0.00018199369919939768
85	0.00016999161703377128
86	0.0001588837574854425
87	0.00014829842475918306
88	0.00013820924950103987
89	0.00012859142771253678
90	0.00011942161289807277
91	0.00011067781668560456
92	0.00010233931717339249
93	0.00009438657432858991
94	0.0000868011518286464
95	0.00007956564479475977
96	0.00007266361291879562
97	0.00006607951853182493
98	0.00005979866920438907
99	0.000053807164506267774
100	0.00004809184658741649
101	0.00004264025427222148
102	0.00003744058038672785
103	0.000032481632063266854
104	0.00002775279378931751
105	0.00002324399298766263
106	0.000018945667933218855
107	0.000014848737828503512
108	0.000010944574874737043
109	7.224978189219523e-6
110	3.6821494320142577e-6
111	3.086700162307273e-7
112	-2.9025202135509137e-6
113	-5.958142940843216e-6
114	-8.864600072428083e-6
115	-0.000011627991259012972
116	-0.000014254130324156851
117	-0.000016748560677786665
118	-0.000019116569784707275
119	-0.000021363202753103754
120	-0.00002349327510307312
121	-0.000025511384770687622
122	-0.000027421923398922776
123	-0.000029229086962969568
124	-0.00003093688577392996
125	-0.00003254915390168555
126	-0.00003406955805474582
127	-0.000035501605952172944
128	-0.00003684865422014802
129	-0.00003811391584344643
130	-0.00003930046719993936
131	-0.000040411254704281175
132	-0.000041449101085118075
133	-0.00004241671131847329
134	-0.00004331667823841731
135	-0.000044151487844688885
136	-0.00004492352432561059
137	-0.00004563507481340789
138	-0.000046288333887904536
139	-0.00004688540784350786
140	-0.00004742831873342124
141	-0.00004791900820410905
142	-0.00004835934113219811
143	-0.000048751109075212764
144	-0.000049096033546815166
145	-0.00004939576912654293
146	-0.00004965190641340565
147	-0.000049865974832118685
148	-0.000050039445300199695
149	-0.00005017373276365193
150	-0.00005027019860847834
151	-0.00005030653429430874
152	-0.00005026597737762816
153	-0.00005015794819437842
154	-0.00004999143968335385
155	-0.00004977358160681664
156	-0.00004950914003042072
157	-0.000049201821859893406
158	-0.00004885671052783539
159	-0.000048480758238117574
160	-0.00004808143828633598
161	-0.00004766393822932723
162	-0.00004723144535488394
163	-0.00004678564503624206
164	-0.0000463296657565886
165	-0.00004586750415098062
166	-0.00004540343770456737
167	-0.00004493983066386589
168	-0.00004447639061356034
169	-0.00004401100297415433
170	-0.00004354074883367607
171	-0.000043063748494764085
172	-0.0000425795558123548
173	-0.00004208942562820604
174	-0.00004159541513800491
175	-0.0000410988022456694
176	-0.0000405990799195353
177	-0.00004009422701916414
178	-0.00003958252751806235
179	-0.00003906425545424398
180	-0.00003854121015149156
181	-0.00003801508492150842
182	-0.00003748589735024002
183	-0.00003695253459443536
184	-0.00003641472553285078
185	-0.00003587391605134668
186	-0.00003533292419249348
187	-0.000034793722993645296
188	-0.000034256373856657036
189	-0.00003371957172268849
190	-0.000033181738600202103
191	-0.000032642606923985
192	-0.00003210312125617269
193	-0.000031565233878698384
194	-0.00003103124383064212
195	-0.000030503416078513863
196	-0.00002998410273037809
197	-0.00002947506858556375
198	-0.000028977692635738763
199	-0.000028492657387477758
200	-0.000028019756891972157
201	-0.00002755866258594267
202	-0.00002710896672465921
203	-0.00002667049386640419
204	-0.00002624377767967739
205	-0.000025829878616265893
206	-0.00002543022244421701
207	-0.000025046357577939545
208	-0.000024679375066707735
209	-0.000024329371972218605
210	-0.000023995302683146633
211	-0.00002367525605555853
212	-0.000023366884215210243
213	-0.000023068063176736317
214	-0.00002277734846015972
215	-0.000022493903987582513
216	-0.00002221736490274014
217	-0.000021947728001659263
218	-0.000021685231389885002
219	-0.00002143008721066451
220	-0.00002118249174606644
221	-0.000020942308680019873
222	-0.00002070876940073896
223	-0.000020480790340480734
224	-0.000020257052154754703
225	-0.00002003621467705649
226	-0.000019817384960071748
227	-0.000019600155255595227
228	-0.000019384478443298674
229	-0.00001917085307630004
230	-0.000018960173588796964
231	-0.000018753315359191633
232	-0.00001855096235931159
233	-0.00001835333380901209
234	-0.000018159696688097336
235	-0.000017968493639504962
236	-0.00001777766674901598
237	-0.000017584858826656218
238	-0.000017387843256788315
239	-0.000017185079779926367
240	-0.000016975731503446445
241	-0.000016759664358283393
242	-0.00001653755227494077
243	-0.000016310584356435254
244	-0.000016080103311141467
245	-0.00001584758044625602
246	-0.000015614393842751075
247	-0.00001538148166475116
248	-0.000015149500792712504
249	-0.000014918957135035446
250	-0.000014690026886258888
251	-0.000014462780391100389
252	-0.000014237465395642123
253	-0.000014014320832524983
254	-0.000013793515635637993
255	-0.000013575411660098306
256	-0.000013360420329106454
257	-0.000013148805541911028
258	-0.000012940801172166466
259	-0.000012736664720678779
260	-0.0000125364626464333
261	-0.000012340079315046849
262	-0.000012147315647643723
263	-0.000011957935923165555
264	-0.000011771659227317316
265	-0.00001158826117930476
266	-0.00001140767570259961
267	-0.000011230072491300746
268	-0.000011055773122801864
269	-0.000010885210160354578
270	-0.000010719032917110274
271	-0.000010558035985200316
272	-0.000010402962326792278
273	-0.000010254448982543863
274	-0.00001011316358754861
275	-9.979579289970096e-6
276	-9.853801764030476e-6
277	-9.735654148492196e-6
278	-9.624875643149964e-6
279	-9.520962317571697e-6
280	-9.423056638428213e-6
281	-9.330226512458396e-6
282	-9.24164453894787e-6
283	-9.156443963799434e-6
284	-9.073586680599083e-6
285	-8.992206899484442e-6
286	-8.911770744099203e-6
287	-8.831805556694194e-6
288	-8.751783351086107e-6
289	-8.6713466917026e-6
290	-8.590338997903451e-6
291	-8.508428711479952e-6
292	-8.425021864449517e-6
293	-8.33953536607821e-6
294	-8.251453374461985e-6
295	-8.160149500614004e-6
296	-8.064978475780393e-6
297	-7.96560671819386e-6
298	-7.862081925406384e-6
299	-7.75464875224868e-6
300	-7.643773571766939e-6
301	-7.530314776805663e-6
302	-7.41544146442886e-6
303	-7.300400090197896e-6
304	-7.186416142409601e-6
305	-7.074759771441421e-6
306	-6.966635101009391e-6
307	-6.8629763688285905e-6
308	-6.7644051164036615e-6
309	-6.671252173791496e-6
310	-6.583588446862483e-6
311	-6.5011902990397345e-6
312	-6.423632464834921e-6
313	-6.3503830871024685e-6
314	-6.280834017447838e-6
315	-6.214417260337818e-6
316	-6.150675859180753e-6
317	-6.089288731855745e-6
318	-6.029989149123703e-6
319	-5.972570616060467e-6
320	-5.916969782323929e-6
321	-5.863188512674961e-6
322	-5.811179257051018e-6
323	-5.760819279603016e-6
324	-5.711986257117303e-6
325	-5.664572834462143e-6
326	-5.618346287954821e-6
327	-5.572930703528859e-6
328	-5.527896638905011e-6
329	-5.482818922581903e-6
330	-5.437249205851814e-6
331	-5.3906984259898575e-6
332	-5.342766789213332e-6
333	-5.29325536592745e-6
334	-5.242150478133161e-6
335	-5.189578393855634e-6
336	-5.135813900701876e-6
337	-5.081288736036354e-6
338	-5.026522912955451e-6
339	-4.971974246196438e-6
340	-4.917991084453485e-6
341	-4.86483366658092e-6
342	-4.812659940732913e-6
343	-4.761484617028916e-6
344	-4.7111916347393054e-6
345	-4.661602195248547e-6
346	-4.61256195758766e-6
347	-4.563948293364639e-6
348	-4.515645195645025e-6
349	-4.467581224962913e-6
350	-4.419760221144649e-6
351	-4.372249853270947e-6
352	-4.325160866295766e-6
353	-4.278619597116966e-6
354	-4.2327548577235664e-6
355	-4.187701621485688e-6
356	-4.143589311443796e-6
357	-4.100542173013335e-6
358	-4.058666664684365e-6
359	-4.018015587439721e-6
360	-3.978548023101681e-6
361	-3.940142968906554e-6
362	-3.9026377602428734e-6
363	-3.865832858566141e-6
364	-3.829451829889007e-6
365	-3.793159465273246e-6
366	-3.756640175884062e-6
367	-3.7196963476015634e-6
368	-3.6822773455091127e-6
369	-3.644433692476831e-6
370	-3.6062676744837637e-6
371	-3.5679748112391206e-6
372	-3.5298645275639486e-6
373	-3.492295338881481e-6
374	-3.4555668505106243e-6
375	-3.419854480858793e-6
376	-3.3852085329177503e-6
377	-3.351623667921217e-6
378	-3.319055606715314e-6
379	-3.2873794297973247e-6
380	-3.2563877251112566e-6
381	-3.2258517409949827e-6
382	-3.1955861811697955e-6
383	-3.1654666717869003e-6
384	-3.135412480433104e-6
385	-3.105334867517603e-6
386	-3.075155046767549e-6
387	-3.0448443074018756e-6
388	-3.014424642071213e-6
389	-2.983932402203355e-6
390	-2.9534038075638397e-6
391	-2.922881662933145e-6
392	-2.8924260460038293e-6
393	-2.8621279337699696e-6
394	-2.8320701335431653e-6
395	-2.8022877099888085e-6
396	-2.7727790435504594e-6
397	-2.743533803457547e-6
398	-2.7145240804471035e-6
399	-2.685697061212507e-6
400	-2.656982130010384e-6
