1	0.1446063131228591
2	0.10238754359843644
3	0.08114330068757403
4	0.06766752699204087
5	0.05814035461618815
6	0.050961983293896104
7	0.04531814332639353
8	0.04074192661648652
9	0.03694628903480444
10	0.03374029444099354
11	0.030992716340662252
12	0.028609894640343844
13	0.026523425355510034
14	0.024681139957110215
15	0.02304251113668383
16	0.021576025793212675
17	0.020255659560672552
18	0.019061245448306254
19	0.017975321365268
20	0.016983349051522746
21	0.016074410298804524
22	0.015238792314187507
23	0.014468551274972107
24	0.01375727767067213
25	0.013098212597222507
26	0.012486442512355004
27	0.011916887461532823
28	0.011385355365672745
29	0.010888442189280211
30	0.01042311549683008
31	0.009986511247529665
32	0.009576375554743206
33	0.009190770411534842
34	0.008827626571053338
35	0.008485211065973254
36	0.008161867829192374
37	0.00785624887389955
38	0.007566588952698394
39	0.007292131724739563
40	0.007031740760860775
41	0.006784373035718582
42	0.006549289772241873
43	0.006325684705625178
44	0.0061128523364529334
45	0.005910103401460667
46	0.0057168903921950825
47	0.005532414428571697
48	0.005356035750283741
49	0.0051875144546505445
50	0.005026309176639985
51	0.0048720935423759056
52	0.004724376260416488
53	0.004582778969691461
54	0.00444705168611961
55	0.004316958892923854
56	0.004192127571985066
57	0.0040721700930605445
58	0.003956903952401776
59	0.0038460638399560932
60	0.0037394163735575093
61	0.0036367856450724703
62	0.003537933834166811
63	0.0034426843958016663
64	0.003350937006977107
65	0.0032625101156242677
66	0.0031772234398061115
67	0.00309489558696219
68	0.003015408424537758
69	0.0029386140463515545
70	0.002864352928371662
71	0.0027925366714630683
72	0.002723058632584966
73	0.002655870103323361
74	0.002590892235490432
75	0.002527980151783606
76	0.0024670621473645107
77	0.0024080780478145792
78	0.002350914423171506
79	0.0022955235730439936
80	0.0022419508043240947
81	0.0021901438080886735
82	0.0021400045625898988
83	0.002091597717746684
84	0.0020450602023097987
85	0.002000424587552686
86	0.001957304312805573
87	0.0019153156528755133
88	0.0018744320787745068
89	0.0018346265737466678
90	0.0017958719192030146
91	0.0017581408043902545
92	0.001721406008066768
93	0.001685640479858574
94	0.0016508174546180923
95	0.0016169105221713863
96	0.0015838936838658624
97	0.0015517414272515249
98	0.0015204287230842874
99	0.0014899310624867427
100	0.0014602246098075864
101	0.0014312859818962848
102	0.0014030924940281746
103	0.0013756220362008485
104	0.0013488530532005819
105	0.0013227647020685543
106	0.0012973366217726519
107	0.0012725491198378406
108	0.0012483830941045662
109	0.0012248199482972496
110	0.0012018417608782863
111	0.001179431070885837
112	0.0011575710060817265
113	0.0011362452319330354
114	0.0011154379155413855
115	0.0010951337745133659
116	0.0010753178941946184
117	0.0010559759092603638
118	0.0010370940338232106
119	0.0010186588220368624
120	0.001000657193982985
121	0.000983076615029281
122	0.0009659050151654375
123	0.0009491305548534382
124	0.0009327418163962935
125	0.0009167278634571019
126	0.0009010780819680782
127	0.0008857820804332871
128	0.0008708298932934242
129	0.0008562119591275072
130	0.000841918913070936
131	0.0008279416608624779
132	0.0008142714983816717
133	0.0008009000286845569
134	0.0007878189900738556
135	0.0007750204310011319
136	0.0007624967427280636
137	0.00075024053170848
138	0.0007382445102120292
139	0.0007265016905855657
140	0.0007150053866381634
141	0.0007037491501845674
142	0.00069272657790568
143	0.0006819314755821993
144	0.0006713579206898725
145	0.0006610002399736751
146	0.0006508528630064005
147	0.0006409102944817754
148	0.0006311672731422379
149	0.000621618766258679
150	0.0006122598895374733
151	0.0006031089138554286
152	0.0005941768526662839
153	0.0005854487532174158
154	0.0005769108326047323
155	0.0005685518015448129
156	0.0005603631902646456
157	0.0005523378932042413
158	0.0005444677349454737
159	0.0005367430752447552
160	0.0005291542221496872
161	0.0005216941542500566
162	0.0005143580737408752
163	0.0005071427836159023
164	0.000500043736461029
165	0.0004930556952276146
166	0.00048617334423422815
167	0.0004793934321611778
168	0.0004727153759508832
169	0.0004661402681277422
170	0.00045966981334317206
171	0.00045330449878678945
172	0.0004470432930227333
173	0.00044088347258108954
174	0.00043482160450489834
175	0.00042885512496062075
176	0.00042298326542949743
177	0.0004172066843272196
178	0.0004115256145521446
179	0.0004059382564407628
180	0.0004004413545311123
181	0.0003950318700910347
182	0.0003897084942394904
183	0.0003844710135578228
184	0.000379318330114494
185	0.0003742476655671207
186	0.0003692549954543994
187	0.0003643372792717084
188	0.00035949345389591283
189	0.0003547237647456871
190	0.00035002865748433234
191	0.00034540721674528377
192	0.0003408573472406091
193	0.0003363760284800332
194	0.00033196000963322967
195	0.0003276061973843552
196	0.0003233115196727618
197	0.0003190735856154531
198	0.00031489046476887607
199	0.0003107609595885143
200	0.0003066847556296503
201	0.00030266163752961587
202	0.0002986914343569105
203	0.0002947737239619866
204	0.0002909073719314856
205	0.0002870907546579356
206	0.00028332193836673583
207	0.0002795989254417639
208	0.00027592024098948973
209	0.0002722854131613468
210	0.0002686950803335155
211	0.00026515066741235625
212	0.0002616539288772741
213	0.000258206287527032
214	0.0002548084092209127
215	0.00025146031110300995
216	0.0002481615234319128
217	0.00024491121912512104
218	0.00024170834850454286
219	0.0002385519119911616
220	0.00023544094915637156
221	0.0002323748421108585
222	0.0002293536057768101
223	0.0002263775317773473
224	0.0002234471110762259
225	0.00022056281369763135
226	0.00021772462898151328
227	0.00021493204838350923
228	0.00021218422275414982
229	0.0002094797821700112
230	0.00020681701234304703
231	0.00020419427475768285
232	0.00020161017240099665
233	0.00019906380679940124
234	0.0001965552448204803
235	0.0001940853189760118
236	0.0001916553203914067
237	0.00018926675751433885
238	0.000186920934133955
239	0.00018461840930866818
240	0.00018235901741760216
241	0.00018014189864886136
242	0.00017796542310242927
243	0.00017582751121795635
244	0.00017372600601571554
245	0.00017165870020289996
246	0.00016962355392476246
247	0.0001676190330209367
248	0.0001656439273719869
249	0.00016369721238169044
250	0.00016177821738546985
251	0.00015988639416635638
252	0.00015802102856784096
253	0.00015618143092549383
254	0.0001543670072943575
255	0.00015257698487566496
256	0.0001508105595626859
257	0.0001490671020929752
258	0.00014734602578706288
259	0.0001456467332072702
260	0.00014396883349238746
261	0.000142312120556834
262	0.00014067647037607222
263	0.00013906179204682133
264	0.00013746803618367375
265	0.00013589509270121858
266	0.0001343426934143133
267	0.00013281034224763187
268	0.00013129740552407455
269	0.00012980315946370345
270	0.00012832668770244244
271	0.0001268669570150393
272	0.00012542302079350417
273	0.00012399406381473913
274	0.00012257926114152794
275	0.00012117801475294894
276	0.00011979009708288389
277	0.00011841555867704742
278	0.00011705452923527693
279	0.00011570736659868307
280	0.00011437476306049826
281	0.00011305745010342102
282	0.00011175602745932639
283	0.00011047110880723913
284	0.00010920345131909751
285	0.00010795360928178521
286	0.00010672178759092249
287	0.00010550812153636063
288	0.00010431279220555608
289	0.00010313580205011722
290	0.00010197695096155317
291	0.00010083621475012318
292	0.00009971382828402313
293	0.00009860999867038038
294	0.00009752485791675044
295	0.00009645863910724207
296	0.0000954115824803724
297	0.00009438360924616851
298	0.00009337426387312878
299	0.00009238291074189254
300	0.00009140871335545404
301	0.00009045047385302903
302	0.00008950672513601213
303	0.00008857596969734445
304	0.00008765677754954124
305	0.00008674771760858838
306	0.0000858474701260771
307	0.00008495501690769127
308	0.00008406968467140838
309	0.00008319110039728849
310	0.00008231915796253999
311	0.00008145404268353354
312	0.00008059613001651846
313	0.00007974588607402955
314	0.00007890383538608919
315	0.00007807044402590955
316	0.00007724605189221048
317	0.00007643085280825522
318	0.00007562497913828206
319	0.00007482849820914735
320	0.00007404133181773506
321	0.00007326333875476879
322	0.00007249442838103305
323	0.00007173458672624146
324	0.00007098379667202157
325	0.00007024202537952511
326	0.00006950936351368088
327	0.00006878603748697456
328	0.00006807231965274115
329	0.00006736846592104777
330	0.00006667474668887659
331	0.00006599146371282253
332	0.00006531881816253285
333	0.00006465680761461859
334	0.00006400524322419368
335	0.00006336380368971363
336	0.00006273203015158772
337	0.00006210932058638529
338	0.00006149500261155222
339	0.00006088848400384361
340	0.000060289296293845814
341	0.00005969707014078646
342	0.00005911154660482935
343	0.000058532614421486015
344	0.00005796029370715828
345	0.000057394663474031506
346	0.00005683577564926474
347	0.00005628364818107141
348	0.000055738291430943885
349	0.00005519967010600405
350	0.00005466767466050767
351	0.00005414213464597011
352	0.00005362284133701814
353	0.00005310957531298878
354	0.00005260212028977689
355	0.00005210025885473279
356	0.000051603783955831784
357	0.0000511124994056155
358	0.00005062623010852972
359	0.00005014485894539498
360	0.000049668363302682595
361	0.00004919679901369257
362	0.00004873026204926551
363	0.000048268878872796845
364	0.000047812849560730944
365	0.0000473624249566511
366	0.00004691783155498137
367	0.00004647916763717974
368	0.00004604638590704153
369	0.00004561934010879928
370	0.00004519783577394162
371	0.00004478159104558305
372	0.00004437021799852365
373	0.00004396329044676374
374	0.0000435604512888658
375	0.00004316147486990622
376	0.0000427662643881577
377	0.0000423747796934623
378	0.000041987019593246957
379	0.000041603062062248896
380	0.000041223063846205464
381	0.00004084719816449248
382	0.00004047559006607565
383	0.0000401083006626006
384	0.00003974534595955524
385	0.00003938674896196867
386	0.00003903252183122525
387	0.00003868262634173101
388	0.00003833697467566457
389	0.000037995466719291
390	0.000037658004531114536
391	0.00003732448564628499
392	0.00003699479292232645
393	0.00003666878065918572
394	0.00003634631503032893
395	0.00003602731227275811
396	0.00003571172644317516
397	0.000035399520941044585
398	0.00003509067697078744
399	0.00003478520057788185
400	0.00003448311462717377
