5	0.055139699999999986
6	0.052236470421388945
7	0.04713880186312215
8	0.04227411890934144
9	0.03807317299240465
10	0.034514719358314946
11	0.03149511116865093
12	0.028912303883025525
13	0.02668186367786739
14	0.02473751774983979
15	0.02302731526033353
16	0.02151107877787478
17	0.020157047036363465
18	0.018940508121626818
19	0.01784102972040511
20	0.01684197773771623
21	0.015929920726234226
22	0.015093820175477245
23	0.014324557075090479
24	0.01361463469596585
25	0.012957460486525463
26	0.012347857162262485
27	0.011781166322854255
28	0.01125344660655259
29	0.010761249630871087
30	0.010301391317771115
31	0.009870896332418545
32	0.009467055062986948
33	0.0090874920000807
34	0.008730000178044293
35	0.008392616328715128
36	0.008073730684900022
37	0.007771912029203819
38	0.007485865565589946
39	0.007214538197979195
40	0.006957098784602784
41	0.006712623683984778
42	0.00648037749803121
43	0.006259649284693374
44	0.006049680269897455
45	0.005849891812117402
46	0.005659537027893919
47	0.005477890627856008
48	0.0053043131229297165
49	0.005138309240458492
50	0.004979412586033718
51	0.004827218137915726
52	0.004681316990424093
53	0.004541369728680412
54	0.004407154388919252
55	0.004278415455652735
56	0.004154885181514608
57	0.0040362340933316485
58	0.0039222233297703
59	0.0038126593533898247
60	0.003707310220818763
61	0.0036059776631437567
62	0.003508435703302832
63	0.003414482290920875
64	0.0033239486439588717
65	0.0032366638698738447
66	0.003152433567517989
67	0.0030710800032738954
68	0.002992535078252017
69	0.0029165660753589333
70	0.002843017975958103
71	0.0027718005288693355
72	0.0027028277679051627
73	0.0026360577243647377
74	0.0025714454095252795
75	0.0025089499020387014
76	0.0024485271095028415
77	0.0023901271433119757
78	0.0023336827774526276
79	0.002279140331164014
80	0.0022264431715999303
81	0.002175483934203313
82	0.002126145214505911
83	0.00208082373948689
84	0.0020343281597875675
85	0.0019892456566060995
86	0.0019455099140812736
87	0.0019030699649256017
88	0.001861877144350304
89	0.0018218849787083932
90	0.0017830490717262997
91	0.0017453269973741043
92	0.0017086781989442002
93	0.0016730638939394162
94	0.0016384469844002664
95	0.0016047919723271831
96	0.001572064879877707
97	0.0015402331740407725
98	0.0015092656955106698
99	0.0014791325915021406
100	0.001449805252265506
101	0.0014212562510768501
102	0.0013934592874932598
103	0.0013663891336769306
104	0.001340021583604862
105	0.0013143334049927468
106	0.0012893022937727906
107	0.0012649068309754869
108	0.001241126441874973
109	0.001217941357266519
110	0.0011953325767530135
111	0.001173281833925057
112	0.001151771563326498
113	0.0011307848691039745
114	0.0011103054952452986
115	0.0010903177973174058
116	0.0010708067156200323
117	0.0010517577496764222
118	0.0010331569339871239
119	0.0010149908149774047
120	0.0009972464290729914
121	0.0009799112818427306
122	0.0009629733281504365
123	0.0009464209532615846
124	0.000930242954853734
125	0.0009144285258825432
126	0.0008989672382580448
127	0.0008838490272884907
128	0.0008690641768515343
129	0.0008546033052548211
130	0.000840457351750244
131	0.0008266175636681368
132	0.0008130754841395945
133	0.0007998229403769064
134	0.0007868520324837543
135	0.0007741551227684315
136	0.0007617248255347985
137	0.0007495539973271047
138	0.0007376357276061134
139	0.000725963329835193
140	0.0007145303329562085
141	0.0007033304732361353
142	0.0006923576864663438
143	0.0006816061004974728
144	0.0006710700280937202
145	0.0006607439600912407
146	0.0006506225590911709
147	0.000640701222192678
148	0.0006311721814974932
149	0.0006214211638944962
150	0.0006119333887653953
151	0.0006026817335247703
152	0.0005936454208485248
153	0.0005848067240030447
154	0.000576150888158873
155	0.0005676699023189655
156	0.0005593575183721145
157	0.0005512097413329592
158	0.0005432255579331568
159	0.0005354043256805075
160	0.0005277430475568295
161	0.0005202362428956263
162	0.0005128783243554354
163	0.0005056603063838316
164	0.0004985704181101056
165	0.0004915979595774059
166	0.0004847342972948882
167	0.0004779724492337013
168	0.00047130641741665674
169	0.00046473462558552003
170	0.00045825829155765277
171	0.0004518787485537128
172	0.00044559764325058317
173	0.00043941730660771496
174	0.00043333964420031075
175	0.00042736432191583666
176	0.0004214898718059706
177	0.00041571433551833726
178	0.00041003402680711586
179	0.00040444295661979935
180	0.00039893539601469516
181	0.0003935069286356624
182	0.00038815486218462153
183	0.0003828769688282063
184	0.0003776716645020677
185	0.00037254030597744627
186	0.000367484596481071
187	0.0003625058940892105
188	0.0003576055242686387
189	0.0003527842967166626
190	0.00034804292216496853
191	0.00034338094444999885
192	0.00033879573823932885
193	0.00033428515376915006
194	0.00032984612121967136
195	0.0003254734369532265
196	0.00032116114400608276
197	0.00031690374237709415
198	0.0003126985039234549
199	0.00030854522892773714
200	0.0003044441707679039
201	0.0003003954339966594
202	0.0002963991795393128
203	0.0002924559141848814
204	0.00028856598556006017
205	0.00028472920102368316
206	0.00028094466144288244
207	0.0002772114789128096
208	0.00027352858071673765
209	0.0002698949143961827
210	0.0002663094468635184
211	0.000262771067254128
212	0.00025927898663691967
213	0.00025583506360280146
214	0.00025244191800840953
215	0.00024910192371238653