    0.10000E-03    0.31141E+03
    0.10202E-03    0.31750E+03
    0.10408E-03    0.32372E+03
    0.10618E-03    0.33006E+03
    0.10833E-03    0.33652E+03
    0.11052E-03    0.34311E+03
    0.11275E-03    0.34982E+03
    0.11503E-03    0.35667E+03
    0.11735E-03    0.36365E+03
    0.11972E-03    0.37077E+03
    0.12214E-03    0.37803E+03
    0.12461E-03    0.38543E+03
    0.12712E-03    0.39297E+03
    0.12969E-03    0.40066E+03
    0.13231E-03    0.40850E+03
    0.13499E-03    0.41650E+03
    0.13771E-03    0.42465E+03
    0.14049E-03    0.43296E+03
    0.14333E-03    0.44143E+03
    0.14623E-03    0.45006E+03
    0.14918E-03    0.45887E+03
    0.15220E-03    0.46785E+03
    0.15527E-03    0.47700E+03
    0.15841E-03    0.48633E+03
    0.16161E-03    0.49584E+03
    0.16487E-03    0.50554E+03
    0.16820E-03    0.51543E+03
    0.17160E-03    0.52551E+03
    0.17507E-03    0.53579E+03
    0.17860E-03    0.54627E+03
    0.18221E-03    0.55695E+03
    0.18589E-03    0.56784E+03
    0.18965E-03    0.57894E+03
    0.19348E-03    0.59026E+03
    0.19739E-03    0.60180E+03
    0.20138E-03    0.61356E+03
    0.20544E-03    0.62555E+03
    0.20959E-03    0.63777E+03
    0.21383E-03    0.65024E+03
    0.21815E-03    0.66294E+03
    0.22255E-03    0.67589E+03
    0.22705E-03    0.68910E+03
    0.23164E-03    0.70256E+03
    0.23632E-03    0.71628E+03
    0.24109E-03    0.73026E+03
    0.24596E-03    0.74452E+03
    0.25093E-03    0.75906E+03
    0.25600E-03    0.77387E+03
    0.26117E-03    0.78898E+03
    0.26645E-03    0.80437E+03
    0.27183E-03    0.82007E+03
    0.27732E-03    0.83607E+03
    0.28292E-03    0.85237E+03
    0.28864E-03    0.86900E+03
    0.29447E-03    0.88594E+03
    0.30042E-03    0.90321E+03
    0.30649E-03    0.92082E+03
    0.31268E-03    0.93876E+03
    0.31899E-03    0.95705E+03
    0.32544E-03    0.97569E+03
    0.33201E-03    0.99469E+03
    0.33872E-03    0.10141E+04
    0.34556E-03    0.10338E+04
    0.35254E-03    0.10539E+04
    0.35966E-03    0.10744E+04
    0.36693E-03    0.10953E+04
    0.37434E-03    0.11166E+04
    0.38190E-03    0.11383E+04
    0.38962E-03    0.11604E+04
    0.39749E-03    0.11830E+04
    0.40552E-03    0.12060E+04
    0.41371E-03    0.12294E+04
    0.42207E-03    0.12532E+04
    0.43060E-03    0.12776E+04
    0.43929E-03    0.13023E+04
    0.44817E-03    0.13276E+04
    0.45722E-03    0.13533E+04
    0.46646E-03    0.13795E+04
    0.47588E-03    0.14063E+04
    0.48550E-03    0.14335E+04
    0.49530E-03    0.14612E+04
    0.50531E-03    0.14895E+04
    0.51552E-03    0.15183E+04
    0.52593E-03    0.15476E+04
    0.53656E-03    0.15775E+04
    0.54739E-03    0.16079E+04
    0.55845E-03    0.16389E+04
    0.56973E-03    0.16705E+04
    0.58124E-03    0.17027E+04
    0.59299E-03    0.17355E+04
    0.60496E-03    0.17689E+04
    0.61719E-03    0.18029E+04
    0.62965E-03    0.18376E+04
    0.64237E-03    0.18729E+04
    0.65535E-03    0.19088E+04
    0.66859E-03    0.19454E+04
    0.68210E-03    0.19827E+04
    0.69588E-03    0.20207E+04
    0.70993E-03    0.20594E+04
    0.72427E-03    0.20988E+04
    0.73891E-03    0.21389E+04
    0.75383E-03    0.21797E+04
    0.76906E-03    0.22213E+04
    0.78460E-03    0.22636E+04
    0.80045E-03    0.23067E+04
    0.81662E-03    0.23506E+04
    0.83311E-03    0.23952E+04
    0.84994E-03    0.24407E+04
    0.86711E-03    0.24870E+04
    0.88463E-03    0.25341E+04
    0.90250E-03    0.25820E+04
    0.92073E-03    0.26308E+04
    0.93933E-03    0.26805E+04
    0.95831E-03    0.27310E+04
    0.97767E-03    0.27825E+04
    0.99742E-03    0.28348E+04
    0.10176E-02    0.28880E+04
    0.10381E-02    0.29422E+04
    0.10591E-02    0.29973E+04
    0.10805E-02    0.30534E+04
    0.11023E-02    0.31105E+04
    0.11246E-02    0.31685E+04
    0.11473E-02    0.32275E+04
    0.11705E-02    0.32875E+04
    0.11941E-02    0.33485E+04
    0.12182E-02    0.34106E+04
    0.12429E-02    0.34737E+04
    0.12680E-02    0.35379E+04
    0.12936E-02    0.36031E+04
    0.13197E-02    0.36694E+04
    0.13464E-02    0.37368E+04
    0.13736E-02    0.38053E+04
    0.14013E-02    0.38749E+04
    0.14296E-02    0.39457E+04
    0.14585E-02    0.40176E+04
    0.14880E-02    0.40906E+04
    0.15180E-02    0.41648E+04
    0.15487E-02    0.42402E+04
    0.15800E-02    0.43168E+04
    0.16119E-02    0.43946E+04
    0.16445E-02    0.44735E+04
    0.16777E-02    0.45537E+04
    0.17116E-02    0.46351E+04
    0.17462E-02    0.47177E+04
    0.17814E-02    0.48016E+04
    0.18174E-02    0.48868E+04
    0.18541E-02    0.49731E+04
    0.18916E-02    0.50608E+04
    0.19298E-02    0.51497E+04
    0.19688E-02    0.52399E+04
    0.20086E-02    0.53314E+04
    0.20491E-02    0.54242E+04
    0.20905E-02    0.55183E+04
    0.21328E-02    0.56137E+04
    0.21758E-02    0.57104E+04
    0.22198E-02    0.58084E+04
    0.22646E-02    0.59077E+04
    0.23104E-02    0.60084E+04
    0.23571E-02    0.61103E+04
    0.24047E-02    0.62136E+04
    0.24533E-02    0.63182E+04
    0.25028E-02    0.64241E+04
    0.25534E-02    0.65313E+04
    0.26050E-02    0.66398E+04
    0.26576E-02    0.67496E+04
    0.27113E-02    0.68607E+04
    0.27660E-02    0.69731E+04
    0.28219E-02    0.70868E+04
    0.28789E-02    0.72018E+04
    0.29371E-02    0.73181E+04
    0.29964E-02    0.74356E+04
    0.30569E-02    0.75543E+04
    0.31187E-02    0.76743E+04
    0.31817E-02    0.77956E+04
    0.32460E-02    0.79180E+04
    0.33115E-02    0.80416E+04
    0.33784E-02    0.81664E+04
    0.34467E-02    0.82924E+04
    0.35163E-02    0.84195E+04
    0.35874E-02    0.85476E+04
    0.36598E-02    0.86769E+04
    0.37338E-02    0.88073E+04
    0.38092E-02    0.89386E+04
    0.38861E-02    0.90710E+04
    0.39646E-02    0.92044E+04
    0.40447E-02    0.93387E+04
    0.41264E-02    0.94739E+04
    0.42098E-02    0.96100E+04
    0.42948E-02    0.97469E+04
    0.43816E-02    0.98846E+04
    0.44701E-02    0.10023E+05
    0.45604E-02    0.10162E+05
    0.46525E-02    0.10302E+05
    0.47465E-02    0.10443E+05
    0.48424E-02    0.10584E+05
    0.49402E-02    0.10725E+05
    0.50400E-02    0.10867E+05
    0.51419E-02    0.11010E+05
    0.52457E-02    0.11152E+05
    0.53517E-02    0.11295E+05
    0.54598E-02    0.11439E+05
    0.55701E-02    0.11582E+05
    0.56826E-02    0.11726E+05
    0.57974E-02    0.11869E+05
    0.59145E-02    0.12012E+05
    0.60340E-02    0.12156E+05
    0.61559E-02    0.12298E+05
    0.62803E-02    0.12441E+05
    0.64072E-02    0.12583E+05
    0.65366E-02    0.12725E+05
    0.66686E-02    0.12866E+05
    0.68033E-02    0.13006E+05
    0.69408E-02    0.13145E+05
    0.70810E-02    0.13284E+05
    0.72240E-02    0.13421E+05
    0.73700E-02    0.13557E+05
    0.75189E-02    0.13693E+05
    0.76708E-02    0.13826E+05
    0.78257E-02    0.13959E+05
    0.79838E-02    0.14089E+05
    0.81451E-02    0.14218E+05
    0.83096E-02    0.14345E+05
    0.84775E-02    0.14470E+05
    0.86488E-02    0.14593E+05
    0.88235E-02    0.14714E+05
    0.90017E-02    0.14833E+05
    0.91836E-02    0.14948E+05
    0.93691E-02    0.15062E+05
    0.95583E-02    0.15172E+05
    0.97514E-02    0.15279E+05
    0.99484E-02    0.15383E+05
    0.10149E-01    0.15484E+05
    0.10354E-01    0.15581E+05
    0.10564E-01    0.15675E+05
    0.10777E-01    0.15764E+05
    0.10995E-01    0.15850E+05
    0.11217E-01    0.15932E+05
    0.11443E-01    0.16009E+05
    0.11675E-01    0.16082E+05
    0.11910E-01    0.16150E+05
    0.12151E-01    0.16213E+05
    0.12397E-01    0.16271E+05
    0.12647E-01    0.16324E+05
    0.12902E-01    0.16371E+05
    0.13163E-01    0.16413E+05
    0.13429E-01    0.16449E+05
    0.13700E-01    0.16479E+05
    0.13977E-01    0.16503E+05
    0.14259E-01    0.16521E+05
    0.14547E-01    0.16532E+05
    0.14841E-01    0.16536E+05
    0.15141E-01    0.16534E+05
    0.15447E-01    0.16525E+05
    0.15759E-01    0.16509E+05
    0.16077E-01    0.16485E+05
    0.16402E-01    0.16454E+05
    0.16734E-01    0.16416E+05
    0.17072E-01    0.16370E+05
    0.17416E-01    0.16316E+05
    0.17768E-01    0.16255E+05
    0.18127E-01    0.16186E+05
    0.18493E-01    0.16108E+05
    0.18867E-01    0.16023E+05
    0.19248E-01    0.15930E+05
    0.19637E-01    0.15829E+05
    0.20034E-01    0.15719E+05
    0.20438E-01    0.15602E+05
    0.20851E-01    0.15477E+05
    0.21272E-01    0.15344E+05
    0.21702E-01    0.15203E+05
    0.22141E-01    0.15055E+05
    0.22588E-01    0.14899E+05
    0.23044E-01    0.14736E+05
    0.23510E-01    0.14566E+05
    0.23985E-01    0.14389E+05
    0.24469E-01    0.14205E+05
    0.24964E-01    0.14016E+05
    0.25468E-01    0.13820E+05
    0.25982E-01    0.13619E+05
    0.26507E-01    0.13412E+05
    0.27043E-01    0.13201E+05
    0.27589E-01    0.12986E+05
    0.28146E-01    0.12767E+05
    0.28715E-01    0.12544E+05
    0.29295E-01    0.12319E+05
    0.29887E-01    0.12092E+05
    0.30490E-01    0.11863E+05
    0.31106E-01    0.11633E+05
    0.31735E-01    0.11402E+05
    0.32376E-01    0.11172E+05
    0.33030E-01    0.10943E+05
    0.33697E-01    0.10715E+05
    0.34378E-01    0.10490E+05
    0.35072E-01    0.10266E+05
    0.35781E-01    0.10044E+05
    0.36504E-01    0.98249E+04
    0.37241E-01    0.96105E+04
    0.37993E-01    0.94013E+04
    0.38761E-01    0.91979E+04
    0.39544E-01    0.90009E+04
    0.40343E-01    0.88108E+04
    0.41158E-01    0.86279E+04
    0.41989E-01    0.84526E+04
    0.42838E-01    0.82850E+04
    0.43703E-01    0.81252E+04
    0.44586E-01    0.79731E+04
    0.45486E-01    0.78286E+04
    0.46405E-01    0.76915E+04
    0.47343E-01    0.75613E+04
    0.48299E-01    0.74377E+04
    0.49275E-01    0.73203E+04
    0.50270E-01    0.72085E+04
    0.51286E-01    0.71017E+04
    0.52322E-01    0.69995E+04
    0.53379E-01    0.69015E+04
    0.54457E-01    0.68062E+04
    0.55557E-01    0.67133E+04
    0.56680E-01    0.66272E+04
    0.57825E-01    0.65470E+04
    0.58993E-01    0.64655E+04
    0.60184E-01    0.63785E+04
    0.61400E-01    0.62873E+04
    0.62641E-01    0.61935E+04
    0.63906E-01    0.60957E+04
    0.65197E-01    0.59920E+04
    0.66514E-01    0.58813E+04
    0.67858E-01    0.57634E+04
    0.69229E-01    0.56376E+04
    0.70627E-01    0.55037E+04
    0.72054E-01    0.53621E+04
    0.73510E-01    0.52132E+04
    0.74994E-01    0.50579E+04
    0.76509E-01    0.48973E+04
    0.78055E-01    0.47327E+04
    0.79632E-01    0.45656E+04
    0.81241E-01    0.43975E+04
    0.82882E-01    0.42301E+04
    0.84556E-01    0.40648E+04
    0.86264E-01    0.39033E+04
    0.88007E-01    0.37472E+04
    0.89785E-01    0.35979E+04
    0.91598E-01    0.34569E+04
    0.93449E-01    0.33256E+04
    0.95337E-01    0.32049E+04
    0.97263E-01    0.30958E+04
    0.99227E-01    0.29984E+04
    0.10123E+00    0.29126E+04
    0.10328E+00    0.28380E+04
    0.10536E+00    0.27734E+04
    0.10749E+00    0.27175E+04
    0.10966E+00    0.26686E+04
    0.11188E+00    0.26245E+04
    0.11414E+00    0.25832E+04
    0.11644E+00    0.25422E+04
    0.11880E+00    0.24992E+04
    0.12120E+00    0.24518E+04
    0.12365E+00    0.23981E+04
    0.12614E+00    0.23368E+04
    0.12869E+00    0.22675E+04
    0.13129E+00    0.21905E+04
    0.13394E+00    0.21070E+04
    0.13665E+00    0.20190E+04
    0.13941E+00    0.19285E+04
    0.14223E+00    0.18380E+04
    0.14510E+00    0.17496E+04
    0.14803E+00    0.16659E+04
    0.15102E+00    0.15889E+04
    0.15407E+00    0.15205E+04
    0.15718E+00    0.14615E+04
    0.16036E+00    0.14121E+04
    0.16360E+00    0.13713E+04
    0.16690E+00    0.13375E+04
    0.17028E+00    0.13086E+04
    0.17371E+00    0.12822E+04
    0.17722E+00    0.12559E+04
    0.18080E+00    0.12275E+04
    0.18446E+00    0.11951E+04
    0.18818E+00    0.11574E+04
    0.19198E+00    0.11146E+04
    0.19586E+00    0.10677E+04
    0.19982E+00    0.10185E+04
    0.20386E+00    0.96909E+03
    0.20797E+00    0.92159E+03
    0.21218E+00    0.87812E+03
    0.21646E+00    0.84024E+03
    0.22083E+00    0.80829E+03
    0.22530E+00    0.78197E+03
    0.22985E+00    0.75964E+03
    0.23449E+00    0.73949E+03
    0.23923E+00    0.71967E+03
    0.24406E+00    0.69860E+03
    0.24899E+00    0.67517E+03
    0.25402E+00    0.64895E+03
    0.25915E+00    0.62083E+03
    0.26439E+00    0.59207E+03
    0.26973E+00    0.56437E+03
    0.27518E+00    0.53904E+03
    0.28074E+00    0.51673E+03
    0.28641E+00    0.49753E+03
    0.29219E+00    0.48070E+03
    0.29810E+00    0.46526E+03
    0.30412E+00    0.44989E+03
    0.31026E+00    0.43369E+03
    0.31653E+00    0.41646E+03
    0.32292E+00    0.39849E+03
    0.32945E+00    0.38072E+03
    0.33610E+00    0.36393E+03
    0.34289E+00    0.34869E+03
    0.34982E+00    0.33506E+03
    0.35689E+00    0.32263E+03
    0.36409E+00    0.31082E+03
    0.37145E+00    0.29898E+03
    0.37895E+00    0.28688E+03
    0.38661E+00    0.27468E+03
    0.39442E+00    0.26274E+03
    0.40239E+00    0.25153E+03
    0.41052E+00    0.24118E+03
    0.41881E+00    0.23157E+03
    0.42727E+00    0.22243E+03
    0.43590E+00    0.21344E+03
    0.44471E+00    0.20454E+03
    0.45369E+00    0.19581E+03
    0.46286E+00    0.18743E+03
    0.47221E+00    0.17954E+03
    0.48174E+00    0.17210E+03
    0.49148E+00    0.16499E+03
    0.50141E+00    0.15810E+03
    0.51153E+00    0.15138E+03
    0.52187E+00    0.14488E+03
    0.53241E+00    0.13869E+03
    0.54317E+00    0.13279E+03
    0.55414E+00    0.12716E+03
    0.56533E+00    0.12175E+03
    0.57675E+00    0.11651E+03
    0.58840E+00    0.11147E+03
    0.60029E+00    0.10666E+03
    0.61242E+00    0.10206E+03
    0.62479E+00    0.97650E+02
    0.63741E+00    0.93418E+02
    0.65029E+00    0.89358E+02
    0.66342E+00    0.85464E+02
    0.67683E+00    0.81731E+02
    0.69050E+00    0.78152E+02
    0.70445E+00    0.74722E+02
    0.71868E+00    0.71435E+02
    0.73320E+00    0.68286E+02
    0.74801E+00    0.65270E+02
    0.76312E+00    0.62381E+02
    0.77854E+00    0.59615E+02
    0.79426E+00    0.56967E+02
    0.81031E+00    0.54432E+02
    0.82668E+00    0.52005E+02
    0.84338E+00    0.49682E+02
    0.86041E+00    0.47459E+02
    0.87780E+00    0.45331E+02
    0.89553E+00    0.43295E+02
    0.91362E+00    0.41347E+02
    0.93208E+00    0.39484E+02
    0.95091E+00    0.37701E+02
    0.97011E+00    0.35995E+02
    0.98971E+00    0.34364E+02
    0.10097E+01    0.32804E+02
    0.10301E+01    0.31313E+02
    0.10509E+01    0.29886E+02
    0.10721E+01    0.28523E+02
    0.10938E+01    0.27219E+02
    0.11159E+01    0.25973E+02
    0.11384E+01    0.24782E+02
    0.11614E+01    0.23644E+02
    0.11849E+01    0.22557E+02
    0.12088E+01    0.21517E+02
    0.12333E+01    0.20525E+02
    0.12582E+01    0.19576E+02
    0.12836E+01    0.18670E+02
    0.13095E+01    0.17805E+02
    0.13360E+01    0.16979E+02
    0.13630E+01    0.16190E+02
    0.13905E+01    0.15436E+02
    0.14186E+01    0.14716E+02
    0.14472E+01    0.14029E+02
    0.14765E+01    0.13374E+02
    0.15063E+01    0.12748E+02
    0.15367E+01    0.12150E+02
    0.15678E+01    0.11580E+02
    0.15994E+01    0.11035E+02
    0.16318E+01    0.10516E+02
    0.16647E+01    0.10020E+02
    0.16984E+01    0.95475E+01
    0.17327E+01    0.90964E+01
    0.17677E+01    0.86660E+01
    0.18034E+01    0.82555E+01
    0.18398E+01    0.78639E+01
    0.18770E+01    0.74904E+01
    0.19149E+01    0.71343E+01
    0.19536E+01    0.67946E+01
    0.19930E+01    0.64708E+01
    0.20333E+01    0.61620E+01
    0.20744E+01    0.58676E+01
    0.21163E+01    0.55869E+01
    0.21590E+01    0.53194E+01
    0.22026E+01    0.50644E+01
    0.22471E+01    0.48213E+01
    0.22925E+01    0.45896E+01
    0.23388E+01    0.43688E+01
    0.23861E+01    0.41584E+01
    0.24343E+01    0.39580E+01
    0.24835E+01    0.37669E+01
    0.25336E+01    0.35849E+01
    0.25848E+01    0.34116E+01
    0.26370E+01    0.32464E+01
    0.26903E+01    0.30890E+01
    0.27447E+01    0.29392E+01
    0.28001E+01    0.27964E+01
    0.28567E+01    0.26605E+01
    0.29144E+01    0.25310E+01
    0.29733E+01    0.24077E+01
    0.30333E+01    0.22903E+01
    0.30946E+01    0.21785E+01
    0.31571E+01    0.20721E+01
    0.32209E+01    0.19707E+01
    0.32860E+01    0.18743E+01
    0.33523E+01    0.17825E+01
    0.34201E+01    0.16950E+01
    0.34892E+01    0.16118E+01
    0.35596E+01    0.15326E+01
    0.36316E+01    0.14573E+01
    0.37049E+01    0.13855E+01
    0.37798E+01    0.13173E+01
    0.38561E+01    0.12523E+01
    0.39340E+01    0.11905E+01
    0.40135E+01    0.11317E+01
    0.40946E+01    0.10758E+01
    0.41773E+01    0.10225E+01
    0.42617E+01    0.97191E+00
    0.43478E+01    0.92374E+00
    0.44356E+01    0.87792E+00
    0.45252E+01    0.83434E+00
    0.46166E+01    0.79288E+00
    0.47099E+01    0.75346E+00
    0.48050E+01    0.71596E+00
    0.49021E+01    0.68030E+00
    0.50011E+01    0.64639E+00
    0.51021E+01    0.61415E+00
    0.52052E+01    0.58349E+00
    0.53104E+01    0.55434E+00
    0.54176E+01    0.52662E+00
    0.55271E+01    0.50027E+00
    0.56387E+01    0.47522E+00
    0.57526E+01    0.45141E+00
    0.58689E+01    0.42877E+00
    0.59874E+01    0.40725E+00
    0.61084E+01    0.38680E+00
    0.62318E+01    0.36736E+00
    0.63577E+01    0.34888E+00
    0.64861E+01    0.33132E+00
    0.66171E+01    0.31464E+00
    0.67508E+01    0.29878E+00
    0.68872E+01    0.28371E+00
    0.70263E+01    0.26939E+00
    0.71682E+01    0.25579E+00
    0.73130E+01    0.24286E+00
    0.74608E+01    0.23058E+00
    0.76115E+01    0.21891E+00
    0.77653E+01    0.20782E+00
    0.79221E+01    0.19729E+00
    0.80822E+01    0.18729E+00
    0.82454E+01    0.17779E+00
    0.84120E+01    0.16876E+00
    0.85819E+01    0.16019E+00
    0.87553E+01    0.15204E+00
    0.89322E+01    0.14431E+00
    0.91126E+01    0.13696E+00
    0.92967E+01    0.12999E+00
    0.94845E+01    0.12336E+00
    0.96761E+01    0.11707E+00
    0.98716E+01    0.11110E+00
    0.10071E+02    0.10543E+00
    0.10274E+02    0.10004E+00
    0.10482E+02    0.94929E-01
    0.10694E+02    0.90074E-01
    0.10910E+02    0.85464E-01
    0.11130E+02    0.81088E-01
    0.11355E+02    0.76934E-01
    0.11584E+02    0.72990E-01
    0.11818E+02    0.69247E-01
    0.12057E+02    0.65693E-01
    0.12301E+02    0.62320E-01
    0.12549E+02    0.59118E-01
    0.12803E+02    0.56079E-01
    0.13061E+02    0.53195E-01
    0.13325E+02    0.50457E-01
    0.13594E+02    0.47859E-01
    0.13869E+02    0.45394E-01
    0.14149E+02    0.43054E-01
    0.14435E+02    0.40834E-01
    0.14727E+02    0.38727E-01
    0.15024E+02    0.36727E-01
    0.15328E+02    0.34830E-01
    0.15637E+02    0.33030E-01
    0.15953E+02    0.31323E-01
    0.16275E+02    0.29702E-01
    0.16604E+02    0.28165E-01
    0.16940E+02    0.26706E-01
    0.17282E+02    0.25323E-01
    0.17631E+02    0.24010E-01
    0.17987E+02    0.22765E-01
    0.18351E+02    0.21584E-01
    0.18721E+02    0.20463E-01
    0.19099E+02    0.19400E-01
    0.19485E+02    0.18392E-01
    0.19879E+02    0.17436E-01
    0.20280E+02    0.16529E-01
    0.20690E+02    0.15669E-01
    0.21108E+02    0.14853E-01
    0.21535E+02    0.14080E-01
    0.21970E+02    0.13346E-01
    0.22413E+02    0.12650E-01
    0.22866E+02    0.11990E-01
    0.23328E+02    0.11365E-01
    0.23799E+02    0.10771E-01
    0.24280E+02    0.10209E-01
    0.24771E+02    0.96752E-02
    0.25271E+02    0.91694E-02
    0.25782E+02    0.86898E-02
    0.26302E+02    0.82351E-02
    0.26834E+02    0.78039E-02
    0.27376E+02    0.73952E-02
    0.27929E+02    0.70077E-02
    0.28493E+02    0.66403E-02
    0.29069E+02    0.62921E-02
    0.29656E+02    0.59619E-02
    0.30255E+02    0.56490E-02
    0.30866E+02    0.53523E-02
    0.31490E+02    0.50711E-02
    0.32126E+02    0.48045E-02
    0.32775E+02    0.45519E-02
    0.33437E+02    0.43124E-02
    0.34112E+02    0.40854E-02
    0.34801E+02    0.38703E-02
    0.35504E+02    0.36664E-02
    0.36222E+02    0.34732E-02
    0.36953E+02    0.32901E-02
    0.37700E+02    0.31165E-02
    0.38462E+02    0.29520E-02
    0.39239E+02    0.27962E-02
    0.40031E+02    0.26485E-02
    0.40840E+02    0.25085E-02
    0.41665E+02    0.23759E-02
    0.42507E+02    0.22502E-02
    0.43365E+02    0.21312E-02
    0.44241E+02    0.20183E-02
    0.45135E+02    0.19114E-02
    0.46047E+02    0.18102E-02
    0.46977E+02    0.17142E-02
    0.47926E+02    0.16233E-02
    0.48894E+02    0.15372E-02
    0.49882E+02    0.14556E-02
    0.50890E+02    0.13783E-02
    0.51918E+02    0.13050E-02
    0.52966E+02    0.12356E-02
    0.54036E+02    0.11699E-02
    0.55128E+02    0.11077E-02
    0.56242E+02    0.10487E-02
    0.57378E+02    0.99285E-03
    0.58537E+02    0.93994E-03
    0.59720E+02    0.88983E-03
    0.60926E+02    0.84237E-03
    0.62157E+02    0.79741E-03
    0.63412E+02    0.75483E-03
    0.64693E+02    0.71451E-03
    0.66000E+02    0.67632E-03
    0.67334E+02    0.64015E-03
    0.68694E+02    0.60589E-03
    0.70082E+02    0.57346E-03
    0.71497E+02    0.54274E-03
    0.72942E+02    0.51365E-03
    0.74415E+02    0.48610E-03
    0.75918E+02    0.46002E-03
    0.77452E+02    0.43532E-03
    0.79017E+02    0.41194E-03
    0.80613E+02    0.38979E-03
    0.82241E+02    0.36883E-03
    0.83903E+02    0.34898E-03
    0.85598E+02    0.33018E-03
    0.87327E+02    0.31239E-03
    0.89091E+02    0.29554E-03
    0.90891E+02    0.27960E-03
    0.92727E+02    0.26450E-03
    0.94600E+02    0.25021E-03
    0.96511E+02    0.23668E-03
    0.98461E+02    0.22387E-03
    0.10045E+03    0.21175E-03
    0.10248E+03    0.20027E-03
    0.10455E+03    0.18941E-03
    0.10666E+03    0.17913E-03
    0.10882E+03    0.16940E-03
    0.11101E+03    0.16019E-03
    0.11326E+03    0.15147E-03
    0.11554E+03    0.14322E-03
    0.11788E+03    0.13541E-03
    0.12026E+03    0.12803E-03
    0.12269E+03    0.12104E-03
    0.12517E+03    0.11442E-03
    0.12770E+03    0.10816E-03
    0.13028E+03    0.10223E-03
    0.13291E+03    0.96630E-04
    0.13559E+03    0.91326E-04
    0.13833E+03    0.86309E-04
    0.14113E+03    0.81561E-04
    0.14398E+03    0.77070E-04
    0.14689E+03    0.72821E-04
    0.14985E+03    0.68802E-04
    0.15288E+03    0.64999E-04
    0.15597E+03    0.61403E-04
    0.15912E+03    0.58001E-04
    0.16233E+03    0.54783E-04
    0.16561E+03    0.51740E-04
    0.16896E+03    0.48862E-04
    0.17237E+03    0.46140E-04
    0.17585E+03    0.43565E-04
    0.17941E+03    0.41131E-04
    0.18303E+03    0.38830E-04
    0.18673E+03    0.36653E-04
    0.19050E+03    0.34595E-04
    0.19435E+03    0.32650E-04
    0.19828E+03    0.30811E-04
    0.20228E+03    0.29073E-04
    0.20637E+03    0.27429E-04
    0.21054E+03    0.25876E-04
    0.21479E+03    0.24408E-04
    0.21913E+03    0.23021E-04
    0.22356E+03    0.21709E-04
    0.22807E+03    0.20471E-04
    0.23268E+03    0.19300E-04
    0.23738E+03    0.18194E-04
    0.24217E+03    0.17149E-04
    0.24707E+03    0.16162E-04
    0.25206E+03    0.15230E-04
    0.25715E+03    0.14350E-04
    0.26234E+03    0.13519E-04
    0.26764E+03    0.12734E-04
    0.27305E+03    0.11992E-04
    0.27857E+03    0.11293E-04
    0.28419E+03    0.10632E-04
    0.28994E+03    0.10009E-04
    0.29579E+03    0.94204E-05
    0.30177E+03    0.88653E-05
    0.30786E+03    0.83415E-05
    0.31408E+03    0.78474E-05
    0.32043E+03    0.73813E-05
    0.32690E+03    0.69418E-05
    0.33351E+03    0.65273E-05
    0.34024E+03    0.61366E-05
    0.34712E+03    0.57682E-05
    0.35413E+03    0.54211E-05
    0.36128E+03    0.50940E-05
    0.36858E+03    0.47858E-05
    0.37603E+03    0.44955E-05
    0.38362E+03    0.42221E-05
    0.39137E+03    0.39646E-05
    0.39928E+03    0.37222E-05
    0.40734E+03    0.34940E-05
    0.41557E+03    0.32793E-05
    0.42397E+03    0.30773E-05
    0.43253E+03    0.28873E-05
    0.44127E+03    0.27086E-05
    0.45019E+03    0.25406E-05
    0.45928E+03    0.23827E-05
    0.46856E+03    0.22342E-05
    0.47802E+03    0.20948E-05
    0.48768E+03    0.19637E-05
    0.49753E+03    0.18407E-05
    0.50758E+03    0.17251E-05
    0.51784E+03    0.16166E-05
    0.52830E+03    0.15148E-05
    0.53897E+03    0.14193E-05
    0.54986E+03    0.13297E-05
    0.56097E+03    0.12456E-05
    0.57230E+03    0.11668E-05
    0.58386E+03    0.10929E-05
    0.59565E+03    0.10237E-05
    0.60769E+03    0.95875E-06
    0.61996E+03    0.89793E-06
    0.63249E+03    0.84094E-06
    0.64526E+03    0.78755E-06
    0.65830E+03    0.73755E-06
    0.67160E+03    0.69071E-06
    0.68516E+03    0.64685E-06
    0.69901E+03    0.60577E-06
    0.71313E+03    0.56731E-06
    0.72753E+03    0.53130E-06
    0.74223E+03    0.49758E-06
    0.75722E+03    0.46602E-06
    0.77252E+03    0.43647E-06
    0.78813E+03    0.40881E-06
    0.80405E+03    0.38292E-06
    0.82029E+03    0.35867E-06
    0.83686E+03    0.33597E-06
    0.85377E+03    0.31472E-06
    0.87101E+03    0.29482E-06
    0.88861E+03    0.27619E-06
    0.90656E+03    0.25875E-06
    0.92488E+03    0.24241E-06
    0.94356E+03    0.22711E-06
    0.96262E+03    0.21279E-06
    0.98207E+03    0.19937E-06
    0.10019E+04    0.18680E-06
    0.10221E+04    0.17503E-06
    0.10428E+04    0.16401E-06
    0.10639E+04    0.15368E-06
    0.10854E+04    0.14400E-06
    0.11073E+04    0.13494E-06
    0.11296E+04    0.12645E-06
    0.11525E+04    0.11849E-06
