5 0.00015926
6 0.000308886
7 0.00052934
8 0.000826531
9 0.00119975
10 0.00164168
11 0.00213936
12 0.00267578
13 0.00323182
14 0.00378817
15 0.00432698
16 0.00483313
17 0.0052949
18 0.00570423
19 0.00605657
20 0.00635049
21 0.00658701
22 0.00676905
23 0.00690082
24 0.00698724
25 0.00703356
26 0.00704503
27 0.00702666
28 0.00698312
29 0.00691861
30 0.00683687
31 0.00674119
32 0.00663438
33 0.00651888
34 0.00639676
35 0.00626974
36 0.00613933
37 0.00600672
38 0.00587295
39 0.00573885
40 0.00560512
41 0.00547234
42 0.00534096
43 0.00521142
44 0.00508395
45 0.00495881
46 0.00483618
47 0.00471616
48 0.00459885
49 0.00448431
50 0.00437258
51 0.00426368
52 0.00415762
53 0.00405436
54 0.00395393
55 0.00385625
56 0.00376129
57 0.003669
58 0.00357932
59 0.00349218
60 0.00340752
61 0.00332528
62 0.00324539
63 0.00316777
64 0.00309236
65 0.0030191
66 0.00294792
67 0.00287876
68 0.00281156
69 0.00274627
70 0.00268283
71 0.00262119
72 0.0025613
73 0.00250316
74 0.00244671
75 0.0023919
76 0.00233871
77 0.00228715
78 0.00223718
79 0.00218882
80 0.00214207
81 0.00209692
82 0.00205339
83 0.00201153
84 0.00197132
85 0.00193278
86 0.00189593
87 0.00186077
88 0.00182728
89 0.0017954
90 0.00176506
91 0.00173616
92 0.00170856
93 0.00168209
94 0.00165653
95 0.00163166
96 0.00160721
97 0.00158292
98 0.00155851
99 0.00153372
100 0.00150831
101 0.00148207
102 0.00145484
103 0.00142651
104 0.001397
105 0.00136633
106 0.00133455
107 0.00130177
108 0.00126816
109 0.00123393
110 0.0011993
111 0.00116453
112 0.00112987
113 0.00109559
114 0.00106194
115 0.00102913
116 0.000997379
117 0.000966839
118 0.000937653
119 0.000909916
120 0.000883701
121 0.000859035
122 0.000835928
123 0.000814356
124 0.000794283
125 0.00077565
126 0.000758385
127 0.000742409
128 0.000727637
129 0.000713981
130 0.000701348
131 0.000689648
132 0.000678792
133 0.000668699
134 0.000659288
135 0.000650481
136 0.000642207
137 0.000634404
138 0.000627014
139 0.000619984
140 0.000613267
141 0.000606818
142 0.000600601
143 0.000594582
144 0.000588733
145 0.000583029
146 0.000577447
147 0.000571971
148 0.000566582
149 0.000561268
150 0.000556015
151 0.000550809
152 0.000545642
153 0.000540511
154 0.000535409
155 0.000530332
156 0.000525278
157 0.000520241
158 0.00051522
159 0.000510213
160 0.000505218
161 0.000500239
162 0.000495277
163 0.000490332
164 0.000485401
165 0.000480482
166 0.000475577
167 0.000470688
168 0.000465818
169 0.000460968
170 0.000456138
171 0.000451328
172 0.000446539
173 0.000441775
174 0.000437037
175 0.000432326
176 0.000427644
177 0.000422991
178 0.000418368
179 0.000413777
180 0.000409218
181 0.000404692
182 0.0004002
183 0.000395744
184 0.000391323
185 0.000386939
186 0.000382593
187 0.000378284
188 0.000374012
189 0.00036978
190 0.000365587
191 0.000361434
192 0.00035732
193 0.000353244
194 0.000349206
195 0.000345205
196 0.000341242
197 0.000337317
198 0.00033343
199 0.000329579
200 0.000325763
201 0.000321982
202 0.000318236
203 0.000314526
204 0.000310852
205 0.000307214
206 0.000303612
207 0.000300047
208 0.000296517
209 0.000293025
210 0.000289572
211 0.000286159
212 0.000282789
213 0.000279456
214 0.000276152
215 0.000272871
