5	-0.29731774000000005
6	-0.231744
7	-0.18551781
8	-0.1514974
9	-0.12564763199999998
10	-0.10551463999999999
11	-0.089521882
12	-0.076612416
13	-0.0660516
14	-0.057314244
15	-0.050014470000000005
16	-0.043863944
17	-0.038642604000000004
18	-0.03418128
19	-0.03034633
20	-0.027031312
21	-0.024151026000000003
22	-0.021636568
23	-0.01943185
24	-0.017491152
25	-0.0157762748
26	-0.014256274
27	-0.012905082000000002
28	-0.011701024
29	-0.0106258792
30	-0.0096639816
31	-0.0088016698
32	-0.008027028799999999
33	-0.007329765
34	-0.0067007592
35	-0.006132014599999999
36	-0.005616734399999999
37	-0.0051489909999999995
38	-0.004723572
39	-0.004336070399999999
40	-0.003982828
41	-0.0036604244
42	-0.0033660000000000005
43	-0.003097003
44	-0.0028510336
45	-0.0026261172
46	-0.0024202195999999997
47	-0.002231441
48	-0.002058084
49	-0.0018987262
50	-0.0017520755999999998
51	-0.0016169988
52	-0.0014924336
53	-0.0013774640000000001
54	-0.001271376
55	-0.0011734836000000001
56	-0.0010831392
57	-0.0009996683400000002
58	-0.000922525
59	-0.0008512466200000001
60	-0.00078536352
61	-0.00072446552
62	-0.00066813896
63	-0.0006160122
64	-0.00056776368
65	-0.0005230881200000001
66	-0.00048167447999999995
67	-0.00044323869999999995
68	-0.0004076048
69	-0.0003744741
70	-0.0003436188
71	-0.0003148737
72	-0.00028808855999999997
73	-0.00026315659999999995
74	-0.00023997880000000001
75	-0.00021846725999999998
76	-0.00019853888
77	-0.00018011248000000002
78	-0.00016310039999999998
79	-0.0001474273
80	-0.00013301960000000002
81	-0.0001197774
82	-0.00010759112
83	-0.0000963965
84	-0.00008620847999999999
85	-0.00007702010000000001
86	-0.00006883272
87	-0.00006167868
88	-0.0000556244
89	-0.000050717459999999994
90	-0.00004694796
91	-0.00004427922
92	-0.00004263328
93	-0.0000418506
94	-0.00004172252
95	-0.0000420043
96	-0.00004241856
97	-0.000042683960000000004
98	-0.0000425208
99	-0.000041698619999999995
100	-0.00004004688
101	-0.00003746764
102	-0.0000339354
103	-0.0000295074
104	-0.000024309520000000003
105	-0.000018530460000000002
106	-0.0000123924
107	-6.13648e-6
108	0.
109	5.79786e-6
110	0.00001107168
111	0.0000156801
112	0.000019528560000000002
113	0.000022568600000000003
114	0.00002479284
115	0.000026227600000000003
116	0.000026925600000000002
117	0.00002694996
118	0.0000263764
119	0.00002528064
120	0.000023742623999999998
121	0.000021829860000000003
122	0.000019605712
123	0.000017126279999999998
124	0.000014442751999999999
125	0.000011605968
126	8.666244e-6
127	5.66865e-6
128	2.650816e-6
129	-3.5285334e-7
130	-3.3107448000000002e-6
131	-6.194958000000001e-6
132	-8.989104e-6
133	-0.00001168475
134	-0.000014277484000000001
135	-0.000016767000000000004
136	-0.000019155752000000003
137	-0.000021446776
138	-0.00002364516
139	-0.000025755048
140	-0.000027780288
141	-0.000029722968
142	-0.000031576684
143	-0.00003333428
144	-0.000034990847999999995
145	-0.000036543863999999996
146	-0.000037992704000000004
147	-0.000039341952
148	-0.00004059832
149	-0.000041769734
150	-0.000042864864
151	-0.000043893368
152	-0.000044863192
153	-0.000045781650000000006
154	-0.000046655132
155	-0.00004748504
156	-0.00004827168
157	-0.000049013524
158	-0.0000497061
159	-0.000050344242
160	-0.000050924952
161	-0.000051447948
162	-0.000051913440000000006
163	-0.0000523259
164	-0.000052693984000000004
165	-0.00005302653
166	-0.000053331231999999996
167	-0.00005361483399999999
168	-0.00005388372
169	-0.000054139451999999994
170	-0.000054380076
171	-0.000054603108
172	-0.000054805248
173	-0.00005498181
174	-0.000055128084
175	-0.000055241902
176	-0.000055322488000000005
177	-0.000055369739999999995
178	-0.000055386099999999995
179	-0.000055377728
180	-0.000055351152
181	-0.000055311662
182	-0.00005526245999999999
183	-0.00005520630000000001
184	-0.000055145143999999995
185	-0.000055076405999999996
186	-0.000054996551999999997
187	-0.000054902156000000004
188	-0.00005478944
189	-0.00005465507400000001
190	-0.000054495560000000004
191	-0.00005430905799999999
192	-0.000054097343999999995
193	-0.00005386161
194	-0.000053604832
195	-0.000053334131999999996
196	-0.00005305872
197	-0.000052787858
198	-0.00005252652
199	-0.000052275314
200	-0.000052033912
201	-0.00005180211600000001
202	-0.000051579491999999994
203	-0.00005136479
204	-0.000051156864
205	-0.000050955458
206	-0.000050761647999999997
207	-0.000050576526000000004
208	-0.0000504016
209	-0.00005023841
210	-0.000050088528
211	-0.000049953764
212	-0.000049835344
213	-0.00004972884000000001
214	-0.000049627716
215	-0.000049525378000000005