5 -0.025461
6 -0.0299095
7 -0.0326264
8 -0.0337902
9 -0.0337625
10 -0.0329295
11 -0.0316144
12 -0.0300518
13 -0.0283951
14 -0.0267374
15 -0.0251311
16 -0.0236037
17 -0.0221672
18 -0.0208253
19 -0.0195768
20 -0.0184179
21 -0.0173434
22 -0.0163476
23 -0.0154248
24 -0.0145691
25 -0.0137752
26 -0.0130379
27 -0.0123523
28 -0.0117141
29 -0.0111192
30 -0.0105639
31 -0.0100451
32 -0.00955966
33 -0.00910508
34 -0.00867899
35 -0.00827918
36 -0.00790375
37 -0.00755086
38 -0.00721888
39 -0.00690628
40 -0.00661165
41 -0.00633366
42 -0.00607108
43 -0.00582278
44 -0.00558776
45 -0.00536507
46 -0.00515395
47 -0.00495365
48 -0.00476351
49 -0.00458291
50 -0.0044113
51 -0.00424812
52 -0.00409288
53 -0.00394507
54 -0.00380426
55 -0.00367001
56 -0.00354194
57 -0.00341968
58 -0.00330288
59 -0.00319125
60 -0.0030845
61 -0.00298235
62 -0.00288459
63 -0.00279097
64 -0.00270129
65 -0.00261539
66 -0.00253305
67 -0.00245415
68 -0.00237851
69 -0.002306
70 -0.00223647
71 -0.0021698
72 -0.00210581
73 -0.00204439
74 -0.00198538
75 -0.00192863
76 -0.00187402
77 -0.00182143
78 -0.00177073
79 -0.0017218
80 -0.00167452
81 -0.00162877
82 -0.00158443
83 -0.00154136
84 -0.00149933
85 -0.00145814
86 -0.00141754
87 -0.00137725
88 -0.00133697
89 -0.00129643
90 -0.00125539
91 -0.00121365
92 -0.00117107
93 -0.00112766
94 -0.00108352
95 -0.00103884
96 -0.000993997
97 -0.000949428
98 -0.000905675
99 -0.000863307
100 -0.000822927
101 -0.000785111
102 -0.00075039
103 -0.00071918
104 -0.0006918
105 -0.000668405
106 -0.000649044
107 -0.000633588
108 -0.000621818
109 -0.000613369
110 -0.000607829
111 -0.000604714
112 -0.000603531
113 -0.000603776
114 -0.000604977
115 -0.000606712
116 -0.000608613
117 -0.000610397
118 -0.000611824
119 -0.000612725
120 -0.000612965
121 -0.000612479
122 -0.000611226
123 -0.000609201
124 -0.000606415
125 -0.000602896
126 -0.000598678
127 -0.000593804
128 -0.000588319
129 -0.000582272
130 -0.000575717
131 -0.000568706
132 -0.000561298
133 -0.00055355
134 -0.000545519
135 -0.000537259
136 -0.000528821
137 -0.000520249
138 -0.000511586
139 -0.000502867
140 -0.00049412
141 -0.000485373
142 -0.000476643
143 -0.000467944
144 -0.000459293
145 -0.000450701
146 -0.000442182
147 -0.000433747
148 -0.000425404
149 -0.000417165
150 -0.00040904
151 -0.00040104
152 -0.000393172
153 -0.000385444
154 -0.00037786
155 -0.00037042
156 -0.000363123
157 -0.000355968
158 -0.000348951
159 -0.000342071
160 -0.000335324
161 -0.000328709
162 -0.000322223
163 -0.000315867
164 -0.000309642
165 -0.00030355
166 -0.000297589
167 -0.000291762
168 -0.000286067
169 -0.000280503
170 -0.000275065
171 -0.000269749
172 -0.000264552
173 -0.000259468
174 -0.000254493
175 -0.000249624
176 -0.000244859
177 -0.000240193
178 -0.000235627
179 -0.000231159
180 -0.000226788
181 -0.000222513
182 -0.000218333
183 -0.000214247
184 -0.000210253
185 -0.000206349
186 -0.000202529
187 -0.000198789
188 -0.000195127
189 -0.000191541
190 -0.000188029
191 -0.000184588
192 -0.000181217
193 -0.000177914
194 -0.000174678
195 -0.000171511
196 -0.000168413
197 -0.000165386
198 -0.00016243
199 -0.000159543
200 -0.000156724
201 -0.00015397
202 -0.000151282
203 -0.000148658
204 -0.000146096
205 -0.000143596
206 -0.000141154
207 -0.000138768
208 -0.000136436
209 -0.000134157
210 -0.000131935
211 -0.000129769
212 -0.000127662
213 -0.000125604
214 -0.000123581
215 -0.00012158
