5 -0.00468691
6 -0.006328
7 -0.00799305
8 -0.00959592
9 -0.0110652
10 -0.0123477
11 -0.0134098
12 -0.0142367
13 -0.0148293
14 -0.0152011
15 -0.0153744
16 -0.0153764
17 -0.0152363
18 -0.0149828
19 -0.0146425
20 -0.0142387
21 -0.0137912
22 -0.0133162
23 -0.0128267
24 -0.0123326
25 -0.0118414
26 -0.0113587
27 -0.0108882
28 -0.0104325
29 -0.00999341
30 -0.00957175
31 -0.009168
32 -0.00878219
33 -0.0084141
34 -0.00806333
35 -0.00772931
36 -0.00741146
37 -0.00710907
38 -0.00682146
39 -0.00654794
40 -0.00628776
41 -0.00604033
42 -0.0058049
43 -0.00558084
44 -0.00536755
45 -0.0051644
46 -0.0049709
47 -0.00478649
48 -0.00461069
49 -0.00444305
50 -0.0042831
51 -0.00413045
52 -0.00398471
53 -0.00384549
54 -0.00371245
55 -0.00358526
56 -0.00346361
57 -0.00334722
58 -0.0032358
59 -0.00312912
60 -0.00302692
61 -0.00292899
62 -0.00283514
63 -0.00274514
64 -0.00265883
65 -0.00257604
66 -0.00249659
67 -0.00242032
68 -0.00234709
69 -0.00227676
70 -0.00220918
71 -0.00214423
72 -0.00208175
73 -0.00202164
74 -0.00196375
75 -0.00190794
76 -0.00185411
77 -0.00180211
78 -0.0017518
79 -0.00170305
80 -0.0016557
81 -0.0016096
82 -0.0015646
83 -0.00152057
84 -0.0014773
85 -0.00143466
86 -0.0013925
87 -0.00135068
88 -0.00130907
89 -0.00126761
90 -0.00122625
91 -0.00118497
92 -0.0011438
93 -0.00110282
94 -0.00106217
95 -0.00102201
96 -0.000982557
97 -0.000944075
98 -0.000906833
99 -0.000871101
100 -0.000837155
101 -0.000805255
102 -0.000775637
103 -0.000748485
104 -0.000723939
105 -0.000702069
106 -0.000682903
107 -0.00066639
108 -0.000652437
109 -0.000640877
110 -0.000631517
111 -0.000624119
112 -0.00061843
113 -0.000614166
114 -0.000611049
115 -0.000608803
116 -0.000607172
117 -0.000605929
118 -0.000604868
119 -0.0006038
120 -0.00060256
121 -0.000601029
122 -0.000599111
123 -0.00059674
124 -0.000593866
125 -0.000590464
126 -0.000586525
127 -0.000582053
128 -0.000577069
129 -0.000571595
130 -0.000565665
131 -0.000559316
132 -0.000552588
133 -0.000545524
134 -0.000538166
135 -0.000530556
136 -0.000522733
137 -0.000514736
138 -0.0005066
139 -0.000498358
140 -0.000490041
141 -0.00048168
142 -0.000473296
143 -0.000464913
144 -0.00045655
145 -0.000448226
146 -0.000439958
147 -0.000431759
148 -0.000423638
149 -0.000415604
150 -0.000407668
151 -0.000399837
152 -0.000392119
153 -0.000384519
154 -0.000377044
155 -0.000369695
156 -0.000362475
157 -0.000355386
158 -0.000348428
159 -0.000341602
160 -0.000334908
161 -0.000328346
162 -0.000321914
163 -0.000315612
164 -0.000309439
165 -0.000303393
166 -0.000297475
167 -0.000291681
168 -0.000286013
169 -0.000280467
170 -0.000275041
171 -0.000269732
172 -0.000264538
173 -0.000259457
174 -0.000254486
175 -0.000249623
176 -0.000244866
177 -0.000240211
178 -0.000235658
179 -0.000231203
180 -0.000226844
181 -0.000222579
182 -0.000218406
183 -0.000214324
184 -0.00021033
185 -0.000206423
186 -0.000202599
187 -0.000198855
188 -0.00019519
189 -0.000191603
190 -0.000188093
191 -0.000184658
192 -0.000181297
193 -0.000178007
194 -0.000174788
195 -0.000171638
196 -0.000168556
197 -0.000165544
198 -0.000162599
199 -0.000159721
200 -0.000156908
201 -0.000154158
202 -0.00015147
203 -0.000148845
204 -0.000146282
205 -0.000143779
206 -0.000141334
207 -0.000138944
208 -0.000136607
209 -0.000134323
210 -0.000132093
211 -0.000129919
212 -0.000127801
213 -0.000125731
214 -0.000123694
215 -0.000121679
