5	0.055139700000000014
6	0.08742803325671769
7	0.06129566645100096
8	0.034019587219512926
9	0.01348704524040209
10	-0.0007675866905183099
11	-0.010371281681705244
12	-0.016727741505059783
13	-0.020852298235260774
14	-0.023444964654692153
15	-0.024981751884907002
16	-0.025788049757953683
17	-0.026087165983101457
18	-0.0260348932706663
19	-0.025739238472544734
20	-0.025276312622883393
21	-0.024700580407783782
22	-0.024051154460324024
23	-0.0233563306350844
24	-0.022636831693064526
25	-0.0219072397371289
26	-0.021178800561460615
27	-0.02045927745308923
28	-0.019754321842344748
29	-0.019067856578286427
30	-0.018402277147250765
31	-0.01775880711914022
32	-0.01713792727998542
33	-0.0165397339319207
34	-0.015963871277233053
35	-0.015409798414024737
36	-0.014877062561756565
37	-0.014365114811184868
38	-0.013873316801704207
39	-0.013401145190841821
40	-0.012948194845348685
41	-0.012513766809509167
42	-0.012097296460355676
43	-0.011698145094365696
44	-0.011315526975018437
45	-0.010948831726924754
46	-0.010597177442985925
47	-0.010259682000218574
48	-0.009935553396200843
49	-0.009624163185591427
50	-0.009324902317010934
51	-0.009037224016969056
52	-0.008760568129450355
53	-0.00849445057068614
54	-0.008238514597099858
55	-0.00799235646734679
56	-0.007755555079434109
57	-0.007527623600918018
58	-0.007308176871758204
59	-0.007096878315435671
60	-0.006893353468385315
61	-0.006697266217217483
62	-0.00650825794179027
63	-0.006326000231522328
64	-0.0061502022794597665
65	-0.005980576699379072
66	-0.0058168218088962
67	-0.005658659418049256
68	-0.005505912056625853
69	-0.005358267473490169
70	-0.005215489821360037
71	-0.005077402328457851
72	-0.004943835182274699
73	-0.004814654800069209
74	-0.004689725734560356
75	-0.004568916109213717
76	-0.004452092437703596
77	-0.004339118362019989
78	-0.00422984800258338
79	-0.004124147038623257
80	-0.0040218816089914785
81	-0.003922891045287098
82	-0.003827015739314393
83	-0.0037354625266260593
84	-0.0036452925761051263
85	-0.0035578781022689177
86	-0.0034731088908001037
87	-0.003390886460271488
88	-0.0033111166105531903
89	-0.0032337092211700493
90	-0.0031585780547668794
91	-0.0030856405705145186
92	-0.0030148177469768666
93	-0.002946033913975387
94	-0.002879216593004531
95	-0.002814296345768882
96	-0.0027512066304304127
97	-0.0026898836651717815
98	-0.0026302662986990646
99	-0.0025722958873245034
100	-0.0025159161782866927
101	-0.0024610731989820737
102	-0.0024077151517975484
103	-0.0023557923142494743
104	-0.0023052569441491854
105	-0.0022560631895295158
106	-0.002208167003080541
107	-0.0021615260608559123
108	-0.002116099685023747
109	-0.0020718487704480294
110	-0.0020287357148979154
111	-0.0019867243526932236
112	-0.0019457798916047303
113	-0.0019058688528377115
114	-0.0018669590139364976
115	-0.0018290193544566328
116	-0.0017920200042596058
117	-0.0017559321942930393
118	-0.0017207282097267257
119	-0.0016863813453219742
120	-0.0016528658629184612
121	-0.001620156950929091
122	-0.0015882306857393658
123	-0.0015570639949134247
124	-0.001526634622114235
125	-0.0014969210936504834
126	-0.001467902686567444
127	-0.0014395593982036187
128	-0.00141187191713917
129	-0.001384821595466169
130	-0.001358390422314463
131	-0.0013325609985705253
132	-0.0013073165127300147
133	-0.0012826407178279432
134	-0.0012585179093933506
135	-0.0012349329043782067
136	-0.0012118710210129308
137	-0.001189318059543439
138	-0.0011672602838070038
139	-0.0011456844036064585
140	-0.0011245775578443951
141	-0.0011039272983810102
142	-0.0010837215745811354
143	-0.0010639487185177873
144	-0.0010445974308012423
145	-0.0010256567670042546
146	-0.0010071161244692979
147	-0.000988964797396839
148	-0.0009710429239487604
149	-0.0009538040238091815
150	-0.0009368718190663893
151	-0.0009202511850693659
152	-0.000903943810783997
153	-0.0008879503933018627
154	-0.0008722704213229728
155	-0.0008568984983139215
156	-0.0008418282560107804
157	-0.0008270517208067345
158	-0.0008125583895086326
159	-0.000798337486749697
160	-0.0007843806498949785
161	-0.0007706822959166716
162	-0.0007572374007541509
163	-0.0007440450018246494
164	-0.0007311078829577815
165	-0.0007184286212221851
166	-0.0007060083732565995
167	-0.0006938471475966463
168	-0.0006819444173472972
169	-0.0006702949679990416
170	-0.000658890405744395
171	-0.0006477221404065268
172	-0.0006367811228880229
173	-0.0006260573410271116
174	-0.0006155411655207829
175	-0.0006052257457554017
176	-0.0005951057716125772
177	-0.0005851767236005368
178	-0.0005754366044621907
179	-0.0005658869068605213
180	-0.0005565292596751824
181	-0.0005473639110708403
182	-0.0005383890069316156
183	-0.0005296022577250288
184	-0.0005210006264619989
185	-0.0005125768180167345
186	-0.0005043229245359549
187	-0.0004962314518928822
188	-0.0004882948631711225
189	-0.0004805063419667072
190	-0.0004728591745265289
191	-0.00046534848732648107
192	-0.0004579730063583475
193	-0.0004507308851363959
194	-0.0004436220024721544
195	-0.0004366501195613562
196	-0.0004298207227457231
197	-0.0004231389972687663
198	-0.0004166057112191328
199	-0.00041021737265811616
200	-0.00040396971088915907
201	-0.0003978587248332398
202	-0.00039188031870907063
203	-0.00038602975632988086
204	-0.00038030257408543474
205	-0.0003746953193427486
206	-0.0003692059225648691
207	-0.0003638323752912674
208	-0.0003585731129279186
209	-0.00035342662711463404
210	-0.00034839146538865196
211	-0.0003434664253914091
212	-0.0003386497471626805
213	-0.00033393429002484754
214	-0.0003293111884794298
215	-0.0003247718886602368