5	0.055139700000000014
6	0.0129796399012449
7	0.03169295836032038
8	0.05201039103374827
9	0.06605100409086853
10	0.07434330475011092
11	0.07852624507284342
12	0.07997824131938895
13	0.0796711723654121
14	0.07825661195994313
15	0.07616254685349527
16	0.07367090400245802
17	0.07096601475548586
18	0.0681702857968484
19	0.06536177715021195
20	0.06259064702915279
21	0.059889210754508815
22	0.057277480200044716
23	0.05476725705826828
24	0.05236505872961014
25	0.050072732970124254
26	0.04789080131778525
27	0.04581727999913836
28	0.04384923359235145
29	0.041982884891036736
30	0.040213577878487256
31	0.03853607724937687
32	0.03694502898929735
33	0.03543533502011935
34	0.03400192145442836
35	0.032640029636971005
36	0.03134551266305309
37	0.030114488142539315
38	0.028943290256308297
39	0.02782869982669081
40	0.026767893704256546
41	0.025757861031377127
42	0.024795953617435154
43	0.023879586455355893
44	0.02300613596981193
45	0.02217333396720961
46	0.02137870049879669
47	0.020619882284114065
48	0.019894750005759097
49	0.019201466587259602
50	0.01853830318157171
51	0.017903679497975077
52	0.017296071393784727
53	0.01671410363614732
54	0.01615659253944242
55	0.015622352088033135
56	0.015110225966560382
57	0.014619039887012013
58	0.014147767799557492
59	0.013695470330727634
60	0.013261208925251075
61	0.01284411743428521
62	0.012443343722613765
63	0.012058096698909265
64	0.011687648914912125
65	0.01133130412664795
66	0.010988382258318316
67	0.010658250021611125
68	0.01034037710518523
69	0.010034150814581581
70	0.009739041955458706
71	0.00945458478704942
72	0.009180335234447577
73	0.008915889287234594
74	0.008660854577749056
75	0.008414853676752794
76	0.008177520378727009
77	0.007948498938150403
78	0.007727440466437909
79	0.007514015228622337
80	0.007307905596350579
81	0.0071087922172883775
82	0.006916366815078221
83	0.006730359307234786
84	0.00655054554836326
85	0.006376692217027158
86	0.006208574047202755
87	0.006045982232725953
88	0.005888721809746341
89	0.00573658889765328
90	0.005589361404783302
91	0.005446817182962539
92	0.005308732845560449
93	0.005174877147704957
94	0.005045028862272868
95	0.004918984164660637
96	0.004796559630090018
97	0.004677599776984187
98	0.004561976210330071
99	0.004449593386388313
100	0.004340382746803854
101	0.004234296514261099
102	0.004131299180717149
103	0.004031360812845047
104	0.003934447940516378
105	0.003840517368187926
106	0.0037495103003622183
107	0.003661350614835964
108	0.0035759449093025423
109	0.0034931849529947824
110	0.003412951568026903
111	0.0033351196198256245
112	0.0032595631440307206
113	0.0031861599923001123
114	0.0031147954881613647
115	0.0030453648720008787
116	0.002977774696973751
117	0.0029119417788874597
118	0.002847793881206266
119	0.0027852674804082957
120	0.0027243081311034583
121	0.002664866088731111
122	0.002606897077606426
123	0.0025503606529612
124	0.0024952200241695915
125	0.002441442875050533
126	0.0023890009967529875
127	0.0023378682726296093
128	0.002288019256351486
129	0.0022394301854078516
130	0.0021920787919815607
131	0.0021459435688752832
132	0.002100999819600466
133	0.002057220572754401
134	0.002014578005461569
135	0.0019730431228327386
136	0.001932586226382253
137	0.0018931779581288861
138	0.0018547884149110279
139	0.0018173888229878702
140	0.0017809511862420732
141	0.0017454492440214782
142	0.001710862958340611
143	0.0016771736897832456
144	0.001644362133660581
145	0.0016124080879470714
146	0.0015812906610245476
147	0.0015509856729468098
148	0.0015214677865229556
149	0.0014927111212671828
150	0.0014646895729471567
151	0.0014373765789756476
152	0.0014107473688793422
153	0.0013847780870019034
154	0.0013594460849323318
155	0.001334733639688807
156	0.0013106245162317028
157	0.0012871047084605678
158	0.0012641635613456193
159	0.0012417916294882956
160	0.0012199778033122207
161	0.0011987086642536214
162	0.0011779706945431294
163	0.001157746219974873
164	0.0011380133622920993
165	0.0011187503235695361
166	0.0010999368540113201
167	0.0010815540523683512
168	0.0010635837132776304
169	0.0010460136121129184
170	0.0010288360405805053
171	0.0010120442463545177
172	0.0009956328035316598
173	0.000979598339155873
174	0.0009639378027819103
175	0.0009486451240759526
176	0.0009337126719164829
177	0.0009191321662748135
178	0.000904892102975995
179	0.0008909760844630047
180	0.0008773674314233499
181	0.0008640514396584973
182	0.0008510166106645827
183	0.0008382522905633242
184	0.000825749199080774
185	0.0008135050539179807
186	0.0008015191637693075
187	0.0007897908299722183
188	0.000778320058192049
189	0.0007671062988180085
190	0.0007561494165699175
191	0.0007454467275373336
192	0.0007349897886860775
193	0.0007247712985380204
194	0.0007147811062480654
195	0.0007050021939397449
196	0.0006954141663610677
197	0.0006859967595660668
198	0.0006767374402365989
199	0.0006676315514184611
200	0.0006586761914198285
201	0.0006498683005164089
202	0.0006412053353409893
203	0.0006326863390893222
204	0.0006243102175429215
205	0.0006160742510584784
206	0.0006079732499295171
207	0.0006000020872867655
208	0.0005921549114590176
209	0.0005844258996533097
210	0.0005768092522759556
211	0.0005692987786304076
212	0.0005618895841338377
213	0.0005545884508013247
214	0.0005474064803800763
215	0.0005403548308926347