1	-0.25919726031472146
2	-0.172630883558482
3	-0.13090354916213914
4	-0.10530977876874942
5	-0.08773175628598925
6	-0.07481983801154449
7	-0.06489892441235619
8	-0.05702816038952728
9	-0.05062934986269586
10	-0.045327413868156634
11	-0.04086660629496956
12	-0.037065799438184305
13	-0.033791950407077324
14	-0.03094561407787322
15	-0.028451149980088165
16	-0.026249209330998027
17	-0.024293967609702673
18	-0.022547832022102015
19	-0.020981278330148973
20	-0.01957059580484297
21	-0.018294920360543126
22	-0.01713725320956601
23	-0.016082988589885088
24	-0.015119151618174296
25	-0.014235940374790292
26	-0.013424042995503621
27	-0.012676246024728877
28	-0.011986148373057982
29	-0.011347915406847566
30	-0.010756439478828993
31	-0.010207438660384649
32	-0.009696826256579796
33	-0.009220876392422563
34	-0.008776586873778724
35	-0.0083611867747234
36	-0.007972296633582801
37	-0.007607620396299213
38	-0.007265708486337131
39	-0.006944405370867738
40	-0.006642184928139121
41	-0.006357688678824863
42	-0.006089472651628746
43	-0.005836335401976048
44	-0.005597150305877076
45	-0.005370929784627844
46	-0.005156676747550749
47	-0.004953779801551267
48	-0.004761619808106736
49	-0.0045792573981967635
50	-0.004406139573039644
51	-0.00424158071751087
52	-0.004085135998907837
53	-0.003936328238102617
54	-0.003794608089310562
55	-0.003659458586022322
56	-0.0035305496338516257
57	-0.0034076326557422624
58	-0.0032902971785890873
59	-0.003178253154956305
60	-0.0030712185909439515
61	-0.0029688867469015437
62	-0.002871043425928847
63	-0.002777446659091871
64	-0.0026877982912225018
65	-0.0026019034352258536
66	-0.0025195916375900127
67	-0.002440718582123622
68	-0.002365097513687184
69	-0.00229258866361616
70	-0.0022230851294843578
71	-0.0021564246408712537
72	-0.0020924763902442937
73	-0.002031063065348247
74	-0.0019720453253136996
75	-0.0019153645071609098
76	-0.0018609021773263287
77	-0.0018085359604924237
78	-0.0017582073550850843
79	-0.0017098027329983908
80	-0.0016631167473573258
81	-0.001618042856077668
82	-0.0015745303277660422
83	-0.0015323698240230538
84	-0.001491271328039048
85	-0.0014510433375191497
86	-0.001411925924559602
87	-0.001374199076685676
88	-0.0013377988669053048
89	-0.0013026649612904746
90	-0.0012687403913347489
91	-0.001235971326159042
92	-0.0012043068724159548
93	-0.001173698882345893
94	-0.0011441017802189277
95	-0.0011154723993069572
96	-0.001087769769823345
97	-0.0010609549110537735
98	-0.0010349911121732155
99	-0.001009843536730975
100	-0.0009854790834646202
101	-0.0009618662844515101
102	-0.0009389752101340821
103	-0.0009167773806954429
104	-0.0008952456833061007
105	-0.0008743542948029038
106	-0.0008540786093977265
107	-0.0008343951710466144
108	-0.0008152816101402529
109	-0.0007967165842040736
110	-0.0007786797223213203
111	-0.0007611515730152018
112	-0.0007441135553470571
113	-0.000727547913006475
114	-0.000711437671186668
115	-0.000695766598726056
116	-0.0006805192279250382
117	-0.0006656808115209184
118	-0.0006512372261461384
119	-0.0006371749387029325
120	-0.0006234809773499235
121	-0.0006101429041273931
122	-0.0005971487891167956
123	-0.0005844871860374966
124	-0.0005721471091905254
125	-0.0005601180116654501
126	-0.0005483897647322689
127	-0.0005369526383456095
128	-0.0005257972826934709
129	-0.0005149147107273488
130	-0.0005042962816148257
131	-0.0004939336850596461
132	-0.00048381892643794503
133	-0.00047394431270267285
134	-0.0004643024488684672
135	-0.0004548863155022701
136	-0.0004456891083145393
137	-0.0004367042495025892
138	-0.0004279253989620405
139	-0.00041934644586949017
140	-0.0004109615083677431
141	-0.00040276491696312073
142	-0.00039475120102813293
143	-0.000386915080659662
144	-0.00037925146399202
145	-0.0003717554436571396
146	-0.0003644222805179131
147	-0.0003572473958941759
148	-0.0003502263672326022
149	-0.00034335492750319234
150	-0.0003366289522754715
151	-0.0003300209957274556
152	-0.0003235099062156382
153	-0.0003171008648068472
154	-0.00031079862355425
155	-0.00030460605642408504
156	-0.0002985237369180953
157	-0.0002925512585994793
158	-0.0002866896660285159
159	-0.0002809419127585448
160	-0.00027531148323642324
161	-0.0002697996040626174
162	-0.0002644055663251574
163	-0.0002591272656220205
164	-0.00025396413925326823
165	-0.00024891655506451807
166	-0.00024398521880220712
167	-0.00023916898561263328
168	-0.00023446416267207515
169	-0.0002298653774088333
170	-0.00022536661367896714
171	-0.00022096304638762255
172	-0.00021665140457595127
173	-0.0002124302143599881
174	-0.0002082988613219894
175	-0.0002042560144523835
176	-0.00020029863822130657
177	-0.00019642229084499752
178	-0.0001926229518926528
179	-0.00018889868193718116
180	-0.00018524912077456433
181	-0.00018167384162281878
182	-0.00017817079528999392
183	-0.00017473688112642875
184	-0.00017136991861652306
185	-0.00016806949797984445
186	-0.0001648366046517634
187	-0.00016167139475134018
188	-0.00015857215534177023
189	-0.0001555358741186925
190	-0.00015255934313034193
191	-0.00014964073255614938
192	-0.00014677946739348146
193	-0.00014397600432209133
194	-0.00014123115937323888
195	-0.00013854572409438076
196	-0.0001359205873302993
197	-0.00013335606237873125
198	-0.00013085209828550328
199	-0.00012840797391736665
200	-0.00012602211798417237
201	-0.00012369288259177704
202	-0.00012141858491933235
203	-0.00011919781645900924
204	-0.00011702991233477391
205	-0.00011491475622879468
206	-0.0001128526145487721
207	-0.00011084388597467516
208	-0.00010888852614039619
209	-0.00010698552008967633
210	-0.0001051327483254401
211	-0.00010332727931516007
212	-0.00010156580280632022
213	-0.00009984529073444944
214	-0.000098163446657583
215	-0.00009651862024608656
216	-0.00009490966377172234
217	-0.00009333581521018264
218	-0.00009179657270522566
219	-0.00009029142502949422
220	-0.00008881986264665096
221	-0.00008738106080551992
222	-0.00008597358757932589
223	-0.00008459572596650214
224	-0.00008324555740794781
225	-0.00008192117533673435
226	-0.00008062115096879415
227	-0.00007934456367613491
228	-0.00007809086828469898
229	-0.00007686007739146993
230	-0.00007565260130014164
231	-0.00007446883314783099
232	-0.00007330897568284656
233	-0.0000721727739703214
234	-0.00007105903524610923
235	-0.00006996576912918192
236	-0.00006889051900701007
237	-0.00006783056704953562
238	-0.00006678336451598516
239	-0.00006574708084768249
240	-0.00006472061100552423
241	-0.00006370356527712937
242	-0.00006269636553662901
243	-0.0000616999421763104
244	-0.00006071537020424664
245	-0.00005974384260629284
246	-0.00005878644829526033
247	-0.00005784382929112009
248	-0.00005691634294117157
249	-0.00005600419731435623
250	-0.00005510727294591171
251	-0.00005422535061028194
252	-0.000053358393595266025
253	-0.000052506360104752686
254	-0.000051669142252925134
255	-0.00005084682925068616
256	-0.000050039560871185175
257	-0.00004924733204540876
258	-0.00004847011076150126
259	-0.00004770789226593029
260	-0.00004696048506306549
261	-0.00004622752076080548
262	-0.000045508556157019024
263	-0.00004480311912406805
264	-0.00004411070058015065
265	-0.00004343085621847699
266	-0.00004276330644837402
267	-0.000042108012237157757
268	-0.000041465087514950185
269	-0.00004083475800700122
270	-0.000040217465014357544
271	-0.000039613791285385484
272	-0.000039024264493766106
273	-0.000038449302207545796
274	-0.00003788935187609028
275	-0.00003734466462921336
276	-0.000036815124742216955
277	-0.000036300339947358174
278	-0.00003579984122696833
279	-0.00003531292478656606
280	-0.00003483854402561726
281	-0.000034375592521184476
282	-0.00003392308142883802
283	-0.00003347999468537929
284	-0.00003304515738811859
285	-0.000032617581102194436
286	-0.00003219661886442771
287	-0.000031781692315091485
288	-0.00003137217448891878
289	-0.00003096761663062732
290	-0.00003056777510022156
291	-0.000030172235255203368
292	-0.000029780326043697594
293	-0.000029391395656657757
294	-0.000029004866389337354
295	-0.0000286200567529281
296	-0.00002823627409105929
297	-0.000027853143671665523
298	-0.000027470674446613246
299	-0.000027089071187093134
300	-0.00002670875775798432
301	-0.000026330544509079153
302	-0.000025955543257405866
303	-0.000025584932125326877
304	-0.00002521985747270963
305	-0.0000248614997191511
306	-0.000024510962859821894
307	-0.000024169072064958495
308	-0.00002383633462509748
309	-0.000023512964819177095
310	-0.000023198917207206352
311	-0.00002289385479119823
312	-0.000022597244319968032
313	-0.000022308452642711182
314	-0.00002202677769205496
315	-0.000021751565196732643
316	-0.000021482278277463093
317	-0.000021218521110849265
318	-0.000020959956307367673
319	-0.00002070631030037829
320	-0.00002045745520759923
321	-0.00002021332997454654
322	-0.000019973825155939572
323	-0.000019738758197776653
324	-0.00001950794913484395
325	-0.00001928123529939422
326	-0.000019058331101116765
327	-0.000018838810983835027
328	-0.000018622201198270364
329	-0.000018408036701490738
330	-0.00001819583394377376
331	-0.000017985073599765678
332	-0.000017775330098573183
333	-0.000017566382308180062
334	-0.000017358195325827753
335	-0.0000171508741508326
336	-0.000016944670910105208
337	-0.00001673999194975001
338	-0.00001653732811444669
339	-0.000016337104017156274
340	-0.000016139631689048528
341	-0.00001594513342504961
342	-0.00001575372782161601
343	-0.000015565390182538193
344	-0.00001537996618728715
345	-0.000015197240780369444
346	-0.000015017025551714206
347	-0.000014839165467018696
348	-0.000014663513769041753
349	-0.000014489969458592769
350	-0.000014318507905957215
351	-0.000014149168353753775
352	-0.000013982032728746412
353	-0.0000138171981152918
354	-0.000013654763440163906
355	-0.000013494833198502898
356	-0.000013337505744391808
357	-0.000013182873801742185
358	-0.000013031011556011547
359	-0.000012881939718112018
360	-0.000012735585553009638
361	-0.000012591797494620845
362	-0.000012450384070613349
363	-0.0000123111188662479
364	-0.000012173700919134023
365	-0.000012037773438166369
366	-0.000011903002355141618
367	-0.000011769174018450419
368	-0.000011636223028215218
369	-0.000011504185351826281
370	-0.000011373148227436472
371	-0.000011243291364387573
372	-0.000011114906461614898
373	-0.000010988331907033955
374	-0.00001086384483608449
375	-0.000010741596629689671
376	-0.000010621612875998902
377	-0.000010503863981577788
378	-0.000010388281927273252
379	-0.000010274719063489436
380	-0.000010162946915947842
381	-0.000010052717797023942
382	-9.943829431402432e-6
383	-9.836141931771429e-6
384	-9.729560044914172e-6
385	-9.623981374538026e-6
386	-9.51931436390499e-6
387	-9.415518121503655e-6
388	-9.312602836302214e-6
389	-9.210592856338168e-6
390	-9.109512260627892e-6
391	-9.009391672585112e-6
392	-8.910278772270057e-6
393	-8.812251756293783e-6
394	-8.715380166575746e-6
395	-8.61968558072025e-6
396	-8.52515282261509e-6
397	-8.43175838247221e-6
398	-8.339461529031822e-6
399	-8.248197097622111e-6
400	-8.157882757873891e-6
