5	0.6124745444
6	0.47275776
7	0.3747459762
8	0.3029948
9	0.24878231135999998
10	0.2068086944
11	0.17367245107999998
12	0.14709583872
13	0.12549804
14	0.10775077872000001
15	0.0930269142
16	0.08070965696
17	0.07032953927999999
18	0.061526304
19	0.054016467400000004
20	0.04757510911999999
21	0.042022785240000006
22	0.03721489696
23	0.033034145
24	0.02938513536
25	0.026188616167999997
26	0.02338028936
27	0.02090623284
28	0.0187216384
29	0.016788889136
30	0.015075811296000002
31	0.013554571492
32	0.012201083775999998
33	0.0109946475
34	0.009917123616
35	0.008952741316
36	0.008088097535999999
37	0.00731156722
38	0.006613000799999999
39	0.005983777152
40	0.0054166460799999995
41	0.004904968696
42	0.00444312
43	0.0040261038999999995
44	0.003649323008
45	0.0033089076719999997
46	0.003001072304
47	0.00272235802
48	0.0024697008
49	0.002240496916
50	0.002032407696
51	0.0018433786320000002
52	0.001671525632
53	0.0015152103999999998
54	0.00137308608
55	0.0012438926159999998
56	0.001126464768
57	0.0010196617068
58	0.000922525
59	0.0008342216876000001
60	0.0007539489792
61	0.0006809975888000001
62	0.0006146878432000001
63	0.0005544109800000001
64	0.0004996320383999999
65	0.00044985578320000006
66	0.0004046065632
67	0.000363455734
68	0.00032608383999999997
69	0.000292089798
70	0.000261150288
71	0.000233006538
72	0.00020742376319999998
73	0.00018420961999999997
74	0.000163185584
75	0.0001441883916
76	0.0001270648832
77	0.00011166973760000002
78	0.00009786023999999999
79	0.00008550783399999998
80	0.000074490976
81	0.000064679796
82	0.000055947382399999996
83	0.00004819825
84	0.0000413800704
85	0.000035429246
86	0.0000302863968
87	0.0000259050456
88	0.000022249760000000002
89	0.000019272634799999998
90	0.0000169012656
91	0.0000150549348
92	0.0000136426496
93	0.00001255518
94	0.0000116823056
95	0.000010921117999999999
96	0.000010180454399999999
97	9.3904712e-6
98	8.50416e-6
99	7.5057516e-6
100	6.4075008e-6
101	5.245469599999999e-6
102	4.072248e-6
103	2.95074e-6
104	1.9447616e-6
105	1.1118276e-6
106	4.95696e-7
107	1.227296e-7
108	0.
109	1.1595720000000001e-7
110	4.428672e-7
111	9.40806e-7
112	1.5622848e-6
113	2.25686e-6
114	2.9751408e-6
115	3.671864e-6
116	4.308096e-6
117	4.8509928e-6
118	5.2752799999999996e-6
119	5.5617408e-6
120	5.6982297599999995e-6
121	5.6757636e-6
122	5.489599359999999e-6
123	5.137884e-6
124	4.62168064e-6
125	3.94602912e-6
126	3.11984784e-6
127	2.154087e-6
128	1.0603263999999999e-6
129	-1.481984028e-7
130	-1.456727712e-6
131	-2.8496806800000002e-6
132	-4.31476992e-6
133	-5.842375e-6
134	-7.42429168e-6
135	-9.05418e-6
136	-0.00001072722112
137	-0.00001243913008
138	-0.000014187095999999999
139	-0.00001596812976
140	-0.000017779384320000002
141	-0.00001961715888
142	-0.000021472145119999998
143	-0.000023333996
144	-0.00002519341056
145	-0.00002704245936
146	-0.000028874455040000002
147	-0.00003068672256
148	-0.000032478656000000004
149	-0.00003425118188
150	-0.00003600648576
151	-0.00003774829648000001
152	-0.00003947960896
153	-0.000041203485000000005
154	-0.00004292272144
155	-0.0000446359376
156	-0.0000463408128
157	-0.00004803325352
158	-0.0000497061
159	-0.00005135112684
160	-0.000052961950079999994
161	-0.000054534824879999995
162	-0.00005606651520000001
163	-0.000057558489999999994
164	-0.00005901726208
165	-0.00006045024420000001
166	-0.00006186422912
167	-0.00006326550412
168	-0.000064660464
169	-0.00006605013143999999
170	-0.00006743129424
171	-0.00006879991608
172	-0.00007015071744
173	-0.00007147635299999999
174	-0.00007276907088
175	-0.00007402414868
176	-0.00007523858367999999
177	-0.0000764102412
178	-0.00007754053999999999
179	-0.00007863637376
180	-0.00007970565888
181	-0.00008075502652
182	-0.00008178844079999999
183	-0.00008280945
184	-0.00008382061887999999
185	-0.00008481766523999999
186	-0.00008579462112000001
187	-0.00008674540648
188	-0.000087663104
189	-0.00008854121988000001
190	-0.00008937271840000001
191	-0.00009015303627999999
192	-0.00009088353792
193	-0.00009156473700000002
194	-0.00009220031104
195	-0.00009280138967999999
196	-0.0000933833472
197	-0.00009396238724
198	-0.00009454773600000001
199	-0.00009514107148
200	-0.00009574239808
201	-0.00009635193576
202	-0.00009696944496
203	-0.00009759310099999999
204	-0.00009822117888
205	-0.00009885358852
206	-0.00009949283008
207	-0.00010014152148
208	-0.0001008032
209	-0.00010148158819999999
210	-0.00010218059712
211	-0.00010290475383999999
212	-0.00010365751552
213	-0.00010443056400000001
214	-0.00010521075791999999
215	-0.00010598430892000001