5 -0.121853
6 -0.102291
7 -0.0874038
8 -0.0757502
9 -0.0664125
10 -0.0587833
11 -0.0524482
12 -0.047115
13 -0.042572
14 -0.0386625
15 -0.0352687
16 -0.0322998
17 -0.0296849
18 -0.0273672
19 -0.025302
20 -0.0234535
21 -0.0217921
22 -0.0202936
23 -0.0189375
24 -0.0177065
25 -0.0165858
26 -0.0155626
27 -0.0146259
28 -0.0137658
29 -0.0129739
30 -0.0122428
31 -0.0115665
32 -0.0109396
33 -0.0103575
34 -0.0098163
35 -0.00931251
36 -0.00884306
37 -0.00840527
38 -0.00799671
39 -0.00761485
40 -0.00725739
41 -0.00692227
42 -0.00660755
43 -0.00631145
44 -0.00603249
45 -0.0057692
46 -0.00552058
47 -0.00528544
48 -0.00506334
49 -0.00485327
50 -0.00465454
51 -0.0044665
52 -0.00428864
53 -0.00412027
54 -0.0039607
55 -0.0038092
56 -0.00366519
57 -0.00352819
58 -0.00339764
59 -0.00327306
60 -0.00315415
61 -0.00304055
62 -0.00293209
63 -0.00282857
64 -0.00272984
65 -0.00263572
66 -0.00254604
67 -0.00246064
68 -0.00237924
69 -0.00230158
70 -0.00222739
71 -0.00215639
72 -0.00208831
73 -0.00202292
74 -0.00196005
75 -0.00189959
76 -0.00184147
77 -0.00178561
78 -0.00173198
79 -0.00168047
80 -0.00163094
81 -0.00158321
82 -0.00153705
83 -0.00149211
84 -0.00144782
85 -0.00140372
86 -0.00135935
87 -0.00131429
88 -0.00126815
89 -0.00122066
90 -0.00117181
91 -0.00112176
92 -0.00107086
93 -0.0010197
94 -0.000968986
95 -0.000919525
96 -0.000872161
97 -0.000827742
98 -0.000787052
99 -0.000750729
100 -0.000719175
101 -0.000692603
102 -0.000671037
103 -0.000654272
104 -0.000641935
105 -0.000633457
106 -0.000628191
107 -0.000625438
108 -0.00062451
109 -0.000624758
110 -0.000625587
111 -0.000626494
112 -0.000627072
113 -0.000627078
114 -0.000626335
115 -0.000624749
116 -0.000622271
117 -0.000618926
118 -0.000614755
119 -0.000609818
120 -0.000604177
121 -0.000597886
122 -0.000590993
123 -0.000583553
124 -0.000575617
125 -0.000567238
126 -0.000558466
127 -0.000549354
128 -0.000539965
129 -0.000530359
130 -0.000520604
131 -0.000510763
132 -0.000500894
133 -0.00049105
134 -0.000481268
135 -0.000471565
136 -0.000461954
137 -0.000452447
138 -0.000443051
139 -0.000433772
140 -0.000424613
141 -0.000415577
142 -0.000406665
143 -0.000397879
144 -0.000389235
145 -0.000380758
146 -0.000372468
147 -0.000364368
148 -0.000356456
149 -0.00034873
150 -0.000341188
151 -0.000333827
152 -0.000326639
153 -0.000319615
154 -0.000312744
155 -0.000306023
156 -0.000299448
157 -0.000293016
158 -0.000286728
159 -0.000280583
160 -0.000274583
161 -0.00026873
162 -0.000263027
163 -0.000257474
164 -0.00025207
165 -0.000246814
166 -0.000241698
167 -0.000236711
168 -0.000231841
169 -0.000227083
170 -0.000222432
171 -0.000217885
172 -0.00021344
173 -0.000209093
174 -0.000204843
175 -0.000200689
176 -0.000196634
177 -0.000192681
178 -0.00018883
179 -0.000185078
180 -0.000181422
181 -0.000177857
182 -0.000174375
183 -0.000170968
184 -0.000167628
185 -0.000164356
186 -0.000161154
187 -0.000158022
188 -0.000154962
189 -0.000151973
190 -0.000149056
191 -0.00014621
192 -0.000143436
193 -0.000140734
194 -0.000138103
195 -0.000135543
196 -0.00013305
197 -0.000130623
198 -0.000128258
199 -0.00012595
200 -0.000123693
201 -0.000121483
202 -0.00011932
203 -0.000117208
204 -0.000115147
205 -0.00011314
206 -0.000111183
207 -0.000109274
208 -0.00010741
209 -0.000105589
210 -0.000103808
211 -0.000102065
212 -0.000100357
213 -9.8679e-05
214 -9.70226e-05
215 -9.5381e-05
