5	-0.09271779999999999
6	-0.002592732717129509
7	0.03580424838250745
8	0.05239053545839861
9	0.05888773814467324
10	0.06045627259456683
11	0.059554723983220786
12	0.057423148824710765
13	0.05471364437296325
14	0.05177785459748553
15	0.04880860598810874
16	0.045910137275529075
17	0.04313752307841788
18	0.040516314488208804
19	0.03805690958768534
20	0.035760527014129226
21	0.03362272335515968
22	0.03163605042218576
23	0.029791476370825503
24	0.028079081611079804
25	0.026489399367761107
26	0.025012413122551626
27	0.023638936637583402
28	0.02236018834280403
29	0.021168011653747758
30	0.02005515204653979
31	0.01901526745445921
32	0.018042736826316966
33	0.017132424215439826
34	0.016279830242169273
35	0.015480883757601194
36	0.014731660549843846
37	0.014028553257692623
38	0.013368273488564928
39	0.012747632672370147
40	0.012163501634646792
41	0.01161323278742132
42	0.011094237370925046
43	0.010604176269323012
44	0.010141046646563847
45	0.009702845649520528
46	0.009288017117851443
47	0.008895196624322145
48	0.00852310509220373
49	0.008170447776587179
50	0.007836039024564598
51	0.007518748700691878
52	0.007217570139179907
53	0.006931522847150589
54	0.006659582268879881
55	0.006400845695450768
56	0.006154504584161646
57	0.005919896215704692
58	0.005696331143757549
59	0.005483133278718574
60	0.0052797242607745655
61	0.005085545248428535
62	0.004900114884313602
63	0.004722974651007689
64	0.0045536755826087565
65	0.004391808583937164
66	0.004237021720987148
67	0.0040889810731444985
68	0.003947284455081374
69	0.003811698399830146
70	0.0036819498081222205
71	0.0035577343363015846
72	0.003438764641133022
73	0.003324738357921385
74	0.0032153738669166146
75	0.0031104043827973956
76	0.003009582524799521
77	0.002912681306401639
78	0.002819500984111847
79	0.0027298474062791996
80	0.002643541959212432
81	0.002560449717410481
82	0.002480457650997383
83	0.0024020289178044362
84	0.0023278615272672035
85	0.002256419032632807
86	0.00218758312460525
87	0.0021212397490480823
88	0.002057280819165651
89	0.0019956038534131642
90	0.001936111638222457
91	0.001878711913665892
92	0.0018233170803343094
93	0.0017698439258451858
94	0.00171821336952534
95	0.001668350223929693
96	0.0016201829719647203
97	0.0015736435584832306
98	0.0015286671953067899
99	0.0014851921787141728
100	0.0014431597185094037
101	0.001402513777851809
102	0.0013632009230936197
103	0.0013251701829285415
104	0.0012883729162077955
105	0.0012527626878288825
106	0.0012182951521470615
107	0.0011849279434006483
108	0.001152620572679038
109	0.0011213343309971115
110	0.0010910321980716565
111	0.0010616787564248894
112	0.001033240110467267
113	0.0010056838102367753
114	0.0009789787794949269
115	0.0009530952479009364
116	0.0009280046870051864
117	0.0009036797498211847
118	0.0008800942137519726
119	0.0008572229266623994
120	0.0008350417559029975
121	0.0008135275401044229
122	0.0007926580435736864
123	0.0007724119131347557
124	0.0007527686372666199
125	0.0007337085074016691
126	0.0007152125812562855
127	0.0006972626480739342
128	0.0006798411956688434
129	0.0006629313791656007
130	0.0006465169913367196
131	0.0006305824344464933
132	0.0006151126935152623
133	0.0006000933109236517
134	0.000585510362281364
135	0.0005713504334898205
136	0.0005576005989323127
137	0.0005442484007294142
138	0.0005312818290012028
139	0.0005186893030814007
140	0.0005064596536318461
141	0.0004945821056088182
142	0.00048304626203562074
143	0.00047184208853853597
144	0.00046095989860579073
145	0.0004503903395315375
146	0.0004401243790090715
147	0.00043015342452274764
148	0.00042062350869903484
149	0.00041105899423507015
150	0.0004018119852139715
151	0.0003928638470155325
152	0.0003841983532815446
153	0.0003758003124308214
154	0.00036765582434646537
155	0.0003597561031836451
156	0.0003520936990460386
157	0.0003446631760137043
158	0.00033746212909906517
159	0.00033048898945850004
160	0.00032374028171261763
161	0.00031721012780670186
162	0.0003108923960548999
163	0.00030477709798912246
164	0.0002988505193483572
165	0.00029309909560680655
166	0.0002875106683043598
167	0.0002820742704299757
168	0.0002767795406909193
169	0.0002716209857035045
170	0.0002665966452224683
171	0.00026170517171729554
172	0.000256946095624489
173	0.00025232035639456533
174	0.00024782896813433687
175	0.00024347055035236196
176	0.00023924246993384102
177	0.00023514154619221382
178	0.00023116225364665542
179	0.00022729562536163007
180	0.00022353253096919334
181	0.00021986522230807648
182	0.00021628812768145718
183	0.00021279623372544862
184	0.00020938541044368582
185	0.0002060560223297476
186	0.00020280937983715205
187	0.00019964670674404926
188	0.00019656958584854186
189	0.0001935791793374519
190	0.0001906768297771738
191	0.00018786228734726692
192	0.00018513183885333567
193	0.0001824824239663646
194	0.00017990932514827586
195	0.00017740390170857572
196	0.0001749556403152526
197	0.00017255415415212265
198	0.0001701933880207042
199	0.00016787162705388477
200	0.00016558810480141965
201	0.00016334195654778343
202	0.00016113257655930055
203	0.00015896017679223692
204	0.00015682488036236533
205	0.0001547259585206847
206	0.0001526614130414499
207	0.00015062927258873367
208	0.00014862720178253206
209	0.00014665287910514642
210	0.00014470399549231628
211	0.0001427780532252202
212	0.00014087317108914528
213	0.0001389930114783824
214	0.00013714324930641595
215	0.00013532955111095768