5 0.0735548
6 0.0689182
7 0.0639508
8 0.0588287
9 0.0537094
10 0.0487248
11 0.0439772
12 0.0395384
13 0.0354524
14 0.0317389
15 0.0283984
16 0.025417
17 0.0227712
18 0.0204321
19 0.0183685
20 0.0165493
21 0.0149448
22 0.0135277
23 0.0122739
24 0.0111616
25 0.0101725
26 0.00929048
27 0.00850173
28 0.00779452
29 0.00715875
30 0.00658578
31 0.00606816
32 0.00559947
33 0.00517419
34 0.00478755
35 0.00443526
36 0.00411373
37 0.00381976
38 0.00355053
39 0.00330356
40 0.00307665
41 0.0028679
42 0.00267556
43 0.00249814
44 0.00233426
45 0.00218273
46 0.00204245
47 0.00191243
48 0.0017918
49 0.00167976
50 0.00157557
51 0.00147861
52 0.00138828
53 0.00130404
54 0.00122544
55 0.00115202
56 0.0010834
57 0.00101919
58 0.000959081
59 0.000902775
60 0.000849974
61 0.00080042
62 0.000753877
63 0.000710122
64 0.00066895
65 0.000630177
66 0.000593622
67 0.000559102
68 0.000526556
69 0.000495794
70 0.000466681
71 0.00043914
72 0.000413075
73 0.0003884
74 0.000365062
75 0.000343011
76 0.000322204
77 0.000302608
78 0.000284218
79 0.000267038
80 0.000251085
81 0.000236416
82 0.000223068
83 0.000211089
84 0.000200564
85 0.000191578
86 0.000184207
87 0.000178519
88 0.000174581
89 0.000172433
90 0.000172051
91 0.000173407
92 0.000176452
93 0.000181051
94 0.000187024
95 0.000194148
96 0.000202152
97 0.00021073
98 0.000219545
99 0.000228249
100 0.000236483
101 0.000243908
102 0.000250202
103 0.000255089
104 0.000258332
105 0.000259767
106 0.000259279
107 0.000256824
108 0.000252407
109 0.000246119
110 0.000238083
111 0.000228469
112 0.00021747
113 0.000205323
114 0.000192269
115 0.000178554
116 0.00016441
117 0.000150049
118 0.00013567
119 0.000121456
120 0.000107569
121 9.41329e-05
122 8.12498e-05
123 6.89924e-05
124 5.74171e-05
125 4.65606e-05
126 3.64438e-05
127 2.70729e-05
128 1.84346e-05
129 1.05116e-05
130 3.27789e-06
131 -3.29421e-06
132 -9.23984e-06
133 -1.45967e-05
134 -1.94037e-05
135 -2.37016e-05
136 -2.75293e-05
137 -3.09237e-05
138 -3.39203e-05
139 -3.65534e-05
140 -3.88566e-05
141 -4.08607e-05
142 -4.25929e-05
143 -4.40784e-05
144 -4.53405e-05
145 -4.64005e-05
146 -4.72787e-05
147 -4.7993e-05
148 -4.85606e-05
149 -4.89967e-05
150 -4.93147e-05
151 -4.95272e-05
152 -4.96457e-05
153 -4.96811e-05
154 -4.9643e-05
155 -4.95391e-05
156 -4.93761e-05
157 -4.91605e-05
158 -4.88985e-05
159 -4.85961e-05
160 -4.82583e-05
161 -4.78891e-05
162 -4.74925e-05
163 -4.70717e-05
164 -4.66292e-05
165 -4.61678e-05
166 -4.56902e-05
167 -4.51998e-05
168 -4.46995e-05
169 -4.41912e-05
170 -4.36761e-05
171 -4.31554e-05
172 -4.26302e-05
173 -4.21015e-05
174 -4.15702e-05
175 -4.1037e-05
176 -4.05026e-05
177 -3.99677e-05
178 -3.94325e-05
179 -3.88975e-05
180 -3.83628e-05
181 -3.78289e-05
182 -3.7297e-05
183 -3.6768e-05
184 -3.62427e-05
185 -3.57206e-05
186 -3.52011e-05
187 -3.46834e-05
188 -3.41682e-05
189 -3.36563e-05
190 -3.31487e-05
191 -3.26462e-05
192 -3.21488e-05
193 -3.16567e-05
194 -3.117e-05
195 -3.06898e-05
196 -3.0217e-05
197 -2.97526e-05
198 -2.92976e-05
199 -2.88524e-05
200 -2.84175e-05
201 -2.79934e-05
202 -2.75804e-05
203 -2.71787e-05
204 -2.67887e-05
205 -2.64104e-05
206 -2.60437e-05
207 -2.56884e-05
208 -2.53444e-05
209 -2.50115e-05
210 -2.46894e-05
211 -2.43779e-05
212 -2.40766e-05
213 -2.37837e-05
214 -2.34966e-05
215 -2.32132e-05
