5 0.0286803
6 0.0280869
7 0.0274051
8 0.0266433
9 0.0258113
10 0.0249192
11 0.0239772
12 0.0229959
13 0.0219855
14 0.0209561
15 0.0199174
16 0.0188782
17 0.0178467
18 0.0168304
19 0.0158359
20 0.0148686
21 0.0139335
22 0.0130341
23 0.0121736
24 0.011354
25 0.0105767
26 0.00984241
27 0.00915122
28 0.00850272
29 0.00789603
30 0.00732994
31 0.00680298
32 0.00631333
33 0.00585923
34 0.00543869
35 0.00504963
36 0.00469006
37 0.00435797
38 0.0040514
39 0.00376845
40 0.00350733
41 0.00326632
42 0.00304382
43 0.00283833
44 0.00264846
45 0.00247291
46 0.0023105
47 0.00216014
48 0.00202081
49 0.00189161
50 0.00177168
51 0.00166028
52 0.00155672
53 0.00146033
54 0.00137058
55 0.00128691
56 0.00120887
57 0.00113601
58 0.00106792
59 0.00100428
60 0.000944733
61 0.000888993
62 0.000836787
63 0.000787864
64 0.000742011
65 0.000699029
66 0.000658727
67 0.000620943
68 0.000585527
69 0.000552354
70 0.000521297
71 0.00049224
72 0.000465089
73 0.000439762
74 0.000416187
75 0.000394296
76 0.00037402
77 0.000355285
78 0.00033804
79 0.00032224
80 0.000307843
81 0.000294795
82 0.000283032
83 0.000272496
84 0.00026315
85 0.000254932
86 0.000247776
87 0.000241614
88 0.000236383
89 0.000232009
90 0.000228387
91 0.000225433
92 0.000223078
93 0.00022123
94 0.000219787
95 0.000218647
96 0.000217712
97 0.000216888
98 0.000216081
99 0.0002152
100 0.000214158
101 0.000212876
102 0.000211282
103 0.000209311
104 0.000206907
105 0.000204029
106 0.000200647
107 0.000196733
108 0.000192272
109 0.00018727
110 0.000181736
111 0.000175687
112 0.000169143
113 0.000162146
114 0.000154744
115 0.000146988
116 0.000138928
117 0.000130618
118 0.00012211
119 0.000113468
120 0.000104756
121 9.60329e-05
122 8.73524e-05
123 7.87654e-05
124 7.03193e-05
125 6.20593e-05
126 5.40287e-05
127 4.6263e-05
128 3.87883e-05
129 3.16282e-05
130 2.48021e-05
131 1.83274e-05
132 1.22137e-05
133 6.46704e-06
134 1.08896e-06
135 -3.92361e-06
136 -8.57494e-06
137 -1.28723e-05
138 -1.6824e-05
139 -2.04418e-05
140 -2.37405e-05
141 -2.67349e-05
142 -2.94402e-05
143 -3.18716e-05
144 -3.4045e-05
145 -3.59768e-05
146 -3.76831e-05
147 -3.918e-05
148 -4.04828e-05
149 -4.16064e-05
150 -4.25648e-05
151 -4.33714e-05
152 -4.40391e-05
153 -4.45805e-05
154 -4.50073e-05
155 -4.53291e-05
156 -4.55551e-05
157 -4.56944e-05
158 -4.57561e-05
159 -4.57492e-05
160 -4.56812e-05
161 -4.55579e-05
162 -4.5385e-05
163 -4.51672e-05
164 -4.4909e-05
165 -4.46148e-05
166 -4.42886e-05
167 -4.39349e-05
168 -4.35577e-05
169 -4.316e-05
170 -4.27441e-05
171 -4.23125e-05
172 -4.18672e-05
173 -4.14102e-05
174 -4.09436e-05
175 -4.0469e-05
176 -3.99878e-05
177 -3.95014e-05
178 -3.90108e-05
179 -3.85169e-05
180 -3.80206e-05
181 -3.75226e-05
182 -3.7024e-05
183 -3.65255e-05
184 -3.6028e-05
185 -3.55323e-05
186 -3.50391e-05
187 -3.45493e-05
188 -3.40634e-05
189 -3.35818e-05
190 -3.31048e-05
191 -3.26327e-05
192 -3.21658e-05
193 -3.17042e-05
194 -3.12482e-05
195 -3.07983e-05
196 -3.03551e-05
197 -2.99192e-05
198 -2.94908e-05
199 -2.90697e-05
200 -2.86558e-05
201 -2.8249e-05
202 -2.78496e-05
203 -2.74583e-05
204 -2.70756e-05
205 -2.67017e-05
206 -2.63361e-05
207 -2.59783e-05
208 -2.56278e-05
209 -2.52845e-05
210 -2.49487e-05
211 -2.46206e-05
212 -2.43001e-05
213 -2.39862e-05
214 -2.36771e-05
215 -2.3371e-05
