5 0.172175
6 0.133355
7 0.106244
8 0.0864466
9 0.0715031
10 0.0599305
11 0.0507828
12 0.0434294
13 0.0374353
14 0.0324908
15 0.0283703
16 0.0249056
17 0.0219696
18 0.0194649
19 0.0173149
20 0.0154585
21 0.013847
22 0.0124408
23 0.0112082
24 0.0101228
25 0.00916327
26 0.00831186
27 0.00755404
28 0.00687783
29 0.00627314
30 0.00573135
31 0.00524498
32 0.00480742
33 0.00441302
34 0.00405661
35 0.00373377
36 0.0034406
37 0.00317361
38 0.00292976
39 0.00270664
40 0.00250234
41 0.00231495
42 0.00214304
43 0.00198532
44 0.00184061
45 0.0017079
46 0.00158603
47 0.00147408
48 0.00137082
49 0.00127548
50 0.00118729
51 0.00110549
52 0.00102937
53 0.000958383
54 0.000892223
55 0.000830639
56 0.000773352
57 0.000720053
58 0.000670545
59 0.00062464
60 0.000582084
61 0.000542624
62 0.000505905
63 0.000471592
64 0.000439446
65 0.000409198
66 0.000380567
67 0.000353396
68 0.00032757
69 0.000303028
70 0.000279756
71 0.000257753
72 0.000237017
73 0.000217573
74 0.000199369
75 0.000182316
76 0.000166308
77 0.000151227
78 0.000136942
79 0.000123405
80 0.000110629
81 9.86066e-05
82 8.74543e-05
83 7.74555e-05
84 6.90543e-05
85 6.26582e-05
86 5.86577e-05
87 5.74557e-05
88 5.94281e-05
89 6.48283e-05
90 7.36703e-05
91 8.57845e-05
92 0.000100824
93 0.000118164
94 0.000137046
95 0.000156612
96 0.000175915
97 0.000193986
98 0.000209902
99 0.000222875
100 0.000232336
101 0.000237904
102 0.000239386
103 0.000236823
104 0.00023043
105 0.000220652
106 0.000208029
107 0.000193177
108 0.000176709
109 0.000159227
110 0.000141295
111 0.000123421
112 0.000106018
113 8.93283e-05
114 7.35335e-05
115 5.8753e-05
116 4.50616e-05
117 3.24518e-05
118 2.08973e-05
119 1.03543e-05
120 7.77299e-07
121 -7.87405e-06
122 -1.56386e-05
123 -2.25607e-05
124 -2.86856e-05
125 -3.4058e-05
126 -3.87213e-05
127 -4.27265e-05
128 -4.61352e-05
129 -4.90091e-05
130 -5.14133e-05
131 -5.3411e-05
132 -5.50651e-05
133 -5.64357e-05
134 -5.75646e-05
135 -5.8473e-05
136 -5.91802e-05
137 -5.97057e-05
138 -6.00673e-05
139 -6.02757e-05
140 -6.03355e-05
141 -6.02536e-05
142 -6.00433e-05
143 -5.9719e-05
144 -5.93009e-05
145 -5.88134e-05
146 -5.8278e-05
147 -5.77065e-05
148 -5.71083e-05
149 -5.64908e-05
150 -5.586e-05
151 -5.52202e-05
152 -5.45678e-05
153 -5.38952e-05
154 -5.31967e-05
155 -5.24741e-05
156 -5.17309e-05
157 -5.09707e-05
158 -5.01973e-05
159 -4.94147e-05
160 -4.86286e-05
161 -4.78464e-05
162 -4.70754e-05
163 -4.63208e-05
164 -4.55858e-05
165 -4.48729e-05
166 -4.41786e-05
167 -4.34953e-05
168 -4.28158e-05
169 -4.21373e-05
170 -4.14594e-05
171 -4.07818e-05
172 -4.01045e-05
173 -3.94276e-05
174 -3.87514e-05
175 -3.80792e-05
176 -3.74163e-05
177 -3.67679e-05
178 -3.61366e-05
179 -3.55224e-05
180 -3.49247e-05
181 -3.43414e-05
182 -3.37664e-05
183 -3.31935e-05
184 -3.26181e-05
185 -3.20422e-05
186 -3.14689e-05
187 -3.09011e-05
188 -3.03414e-05
189 -2.97918e-05
190 -2.92544e-05
191 -2.87309e-05
192 -2.82233e-05
193 -2.77332e-05
194 -2.7262e-05
195 -2.68096e-05
196 -2.63753e-05
197 -2.59586e-05
198 -2.55571e-05
199 -2.5167e-05
200 -2.47843e-05
201 -2.44059e-05
202 -2.40336e-05
203 -2.36706e-05
204 -2.33203e-05
205 -2.29845e-05
206 -2.26627e-05
207 -2.23538e-05
208 -2.2057e-05
209 -2.17696e-05
210 -2.14878e-05
211 -2.12078e-05
212 -2.09262e-05
213 -2.0643e-05
214 -2.0359e-05
215 -2.00753e-05
