5 0.0551397
6 0.0487881
7 0.043747
8 0.0395987
9 0.0361058
10 0.0331165
11 0.0305264
12 0.0282605
13 0.0262618
14 0.0244864
15 0.0228993
16 0.0214724
17 0.0201833
18 0.0190135
19 0.0179473
20 0.0169716
21 0.0160755
22 0.0152498
23 0.0144869
24 0.0137802
25 0.013124
26 0.0125136
27 0.011945
28 0.0114143
29 0.0109186
30 0.0104547
31 0.01002
32 0.00961166
33 0.00922748
34 0.00886531
35 0.00852334
36 0.0082
37 0.00789381
38 0.00760346
39 0.00732794
40 0.00706635
41 0.00681791
42 0.00658188
43 0.00635752
44 0.00614413
45 0.00594104
46 0.0057475
47 0.00556276
48 0.00538619
49 0.00521729
50 0.00505562
51 0.00490078
52 0.00475235
53 0.00461001
54 0.00447351
55 0.00434261
56 0.00421701
57 0.00409639
58 0.00398049
59 0.00386908
60 0.00376196
61 0.00365892
62 0.00355972
63 0.00346417
64 0.00337209
65 0.00328332
66 0.00319767
67 0.003115
68 0.0030351
69 0.00295785
70 0.00288311
71 0.00281075
72 0.00274068
73 0.00267287
74 0.00260725
75 0.00254379
76 0.00248242
77 0.00242313
78 0.00236582
79 0.00231044
80 0.00225695
81 0.0022052
82 0.00215508
83 0.00210656
84 0.00205971
85 0.00201458
86 0.00197126
87 0.00192993
88 0.00189082
89 0.00185418
90 0.00182022
91 0.00178905
92 0.00176073
93 0.00173515
94 0.00171207
95 0.00169111
96 0.00167175
97 0.00165335
98 0.00163514
99 0.00161634
100 0.00159623
101 0.00157413
102 0.00154948
103 0.00152188
104 0.00149109
105 0.00145715
106 0.00142024
107 0.00138073
108 0.0013391
109 0.00129596
110 0.00125196
111 0.0012078
112 0.00116412
113 0.00112149
114 0.00108039
115 0.00104119
116 0.00100416
117 0.000969463
118 0.000937166
119 0.000907253
120 0.000879674
121 0.00085431
122 0.000831023
123 0.000809666
124 0.000790086
125 0.000772146
126 0.000755719
127 0.00074068
128 0.000726908
129 0.000714286
130 0.000702704
131 0.000692056
132 0.000682231
133 0.00067312
134 0.000664623
135 0.000656647
136 0.000649108
137 0.000641936
138 0.000635071
139 0.000628463
140 0.000622068
141 0.000615853
142 0.000609803
143 0.000603904
144 0.000598141
145 0.000592501
146 0.000586968
147 0.000581523
148 0.00057615
149 0.00057083
150 0.000565546
151 0.00056028
152 0.000555023
153 0.000549772
154 0.000544522
155 0.000539274
156 0.00053403
157 0.000528794
158 0.000523572
159 0.00051837
160 0.000513193
161 0.000508044
162 0.000502927
163 0.000497836
164 0.000492764
165 0.000487701
166 0.000482645
167 0.000477596
168 0.000472556
169 0.000467526
170 0.00046251
171 0.000457513
172 0.000452541
173 0.000447598
174 0.000442693
175 0.000437827
176 0.000433002
177 0.000428219
178 0.000423476
179 0.000418769
180 0.000414095
181 0.000409452
182 0.000404839
183 0.000400259
184 0.000395713
185 0.000391202
186 0.000386728
187 0.000382296
188 0.000377906
189 0.000373563
190 0.00036927
191 0.000365029
192 0.000360837
193 0.000356693
194 0.000352593
195 0.000348536
196 0.000344516
197 0.000340529
198 0.000336575
199 0.000332653
200 0.000328763
201 0.000324906
202 0.000321083
203 0.000317296
204 0.000313548
205 0.000309839
206 0.000306168
207 0.000302536
208 0.00029894
209 0.000295381
210 0.000291862
211 0.000288383
212 0.000284946
213 0.000281545
214 0.000278174
215 0.000274825
