5 -0.000555607
6 -0.000785593
7 -0.00104654
8 -0.00133359
9 -0.00164153
10 -0.00196495
11 -0.00229835
12 -0.00263631
13 -0.00297359
14 -0.00330528
15 -0.00362681
16 -0.00393413
17 -0.00422371
18 -0.00449258
19 -0.00473837
20 -0.00495928
21 -0.0051541
22 -0.00532218
23 -0.00546332
24 -0.00557785
25 -0.00566638
26 -0.00573
27 -0.00576997
28 -0.00578781
29 -0.00578515
30 -0.00576379
31 -0.00572553
32 -0.00567222
33 -0.00560565
34 -0.00552759
35 -0.00543968
36 -0.00534352
37 -0.00524056
38 -0.00513215
39 -0.00501951
40 -0.00490375
41 -0.00478584
42 -0.00466664
43 -0.00454692
44 -0.00442731
45 -0.00430837
46 -0.00419059
47 -0.00407434
48 -0.00395995
49 -0.00384768
50 -0.00373774
51 -0.00363029
52 -0.00352545
53 -0.0034233
54 -0.00332389
55 -0.00322727
56 -0.00313342
57 -0.00304234
58 -0.002954
59 -0.00286838
60 -0.00278541
61 -0.00270504
62 -0.00262722
63 -0.00255186
64 -0.00247889
65 -0.00240825
66 -0.00233984
67 -0.00227359
68 -0.00220941
69 -0.00214721
70 -0.00208691
71 -0.00202842
72 -0.00197168
73 -0.00191657
74 -0.00186303
75 -0.00181098
76 -0.00176034
77 -0.00171103
78 -0.00166298
79 -0.00161614
80 -0.00157044
81 -0.00152581
82 -0.00148223
83 -0.00143967
84 -0.00139806
85 -0.00135738
86 -0.00131763
87 -0.00127879
88 -0.00124084
89 -0.00120381
90 -0.0011677
91 -0.00113255
92 -0.00109834
93 -0.00106513
94 -0.00103294
95 -0.0010018
96 -0.000971754
97 -0.000942836
98 -0.000915083
99 -0.000888521
100 -0.000863173
101 -0.000839063
102 -0.000816213
103 -0.000794628
104 -0.000774308
105 -0.000755245
106 -0.000737424
107 -0.000720816
108 -0.000705388
109 -0.000691097
110 -0.000677897
111 -0.000665729
112 -0.000654528
113 -0.000644219
114 -0.000634725
115 -0.000625973
116 -0.000617889
117 -0.000610396
118 -0.000603418
119 -0.000596875
120 -0.00059069
121 -0.000584791
122 -0.000579112
123 -0.000573594
124 -0.000568179
125 -0.000562818
126 -0.000557467
127 -0.000552085
128 -0.000546642
129 -0.000541112
130 -0.000535474
131 -0.00052971
132 -0.000523812
133 -0.000517774
134 -0.000511594
135 -0.000505273
136 -0.000498815
137 -0.000492227
138 -0.000485518
139 -0.000478699
140 -0.000471784
141 -0.000464785
142 -0.000457715
143 -0.000450589
144 -0.000443421
145 -0.000436228
146 -0.000429022
147 -0.000421816
148 -0.000414618
149 -0.000407441
150 -0.000400296
151 -0.000393198
152 -0.000386154
153 -0.000379173
154 -0.00037226
155 -0.000365423
156 -0.000358668
157 -0.000352001
158 -0.000345427
159 -0.000338949
160 -0.000332569
161 -0.000326292
162 -0.000320118
163 -0.000314048
164 -0.000308085
165 -0.000302229
166 -0.00029648
167 -0.000290839
168 -0.000285307
169 -0.000279881
170 -0.000274562
171 -0.000269348
172 -0.000264239
173 -0.000259233
174 -0.000254329
175 -0.000249527
176 -0.000244823
177 -0.000240217
178 -0.000235706
179 -0.00023129
180 -0.000226967
181 -0.000222735
182 -0.000218592
183 -0.000214536
184 -0.000210566
185 -0.00020668
186 -0.000202878
187 -0.000199157
188 -0.000195516
189 -0.000191954
190 -0.000188468
191 -0.000185056
192 -0.000181718
193 -0.000178452
194 -0.000175255
195 -0.000172128
196 -0.000169069
197 -0.000166076
198 -0.000163149
199 -0.000160286
200 -0.000157485
201 -0.000154744
202 -0.000152062
203 -0.000149439
204 -0.000146874
205 -0.000144366
206 -0.000141912
207 -0.000139511
208 -0.000137158
209 -0.000134855
210 -0.000132604
211 -0.000130406
212 -0.000128263
213 -0.000126165
214 -0.0001241
215 -0.000122056
