5 0.128844
6 0.109211
7 0.0919849
8 0.0774768
9 0.0655404
10 0.0558148
11 0.0478914
12 0.0414002
13 0.0360379
14 0.0315679
15 0.0278087
16 0.0246221
17 0.0219011
18 0.0195621
19 0.0175393
20 0.0157806
21 0.0142434
22 0.0128936
23 0.0117031
24 0.010649
25 0.00971191
26 0.00887632
27 0.00812855
28 0.00745776
29 0.00685435
30 0.00631024
31 0.00581854
32 0.00537313
33 0.0049688
34 0.00460101
35 0.00426565
36 0.00395931
37 0.00367893
38 0.00342181
39 0.00318569
40 0.00296854
41 0.0027684
42 0.00258389
43 0.00241359
44 0.00225622
45 0.00211069
46 0.00197597
47 0.00185109
48 0.00173519
49 0.00162749
50 0.00152727
51 0.0014339
52 0.00134683
53 0.00126556
54 0.00118963
55 0.00111865
56 0.00105228
57 0.000990138
58 0.000931959
59 0.000877462
60 0.000826362
61 0.000778423
62 0.000733415
63 0.000691125
64 0.000651348
65 0.000613897
66 0.000578583
67 0.000545211
68 0.000513712
69 0.000483877
70 0.000455565
71 0.00042869
72 0.000403154
73 0.000378876
74 0.000355803
75 0.00033389
76 0.000313088
77 0.000293354
78 0.000274659
79 0.000256972
80 0.00024027
81 0.00022457
82 0.000209878
83 0.000196226
84 0.000183717
85 0.000172493
86 0.000162729
87 0.000154632
88 0.000148454
89 0.000144438
90 0.000142779
91 0.000143655
92 0.000147198
93 0.000153398
94 0.000162135
95 0.000173174
96 0.000186139
97 0.000200553
98 0.000215822
99 0.000231309
100 0.000246319
101 0.000260182
102 0.000272262
103 0.000282016
104 0.000288993
105 0.000292907
106 0.000293583
107 0.000291019
108 0.000285312
109 0.000276724
110 0.000265576
111 0.00025227
112 0.00023723
113 0.000220916
114 0.000203764
115 0.000186178
116 0.000168512
117 0.000151051
118 0.000134037
119 0.000117653
120 0.000102046
121 8.72978e-05
122 7.34618e-05
123 6.05585e-05
124 4.85923e-05
125 3.75537e-05
126 2.74233e-05
127 1.81736e-05
128 9.76644e-06
129 2.16195e-06
130 -4.68427e-06
131 -1.08171e-05
132 -1.62878e-05
133 -2.11492e-05
134 -2.54544e-05
135 -2.92577e-05
136 -3.26098e-05
137 -3.55562e-05
138 -3.81395e-05
139 -4.03968e-05
140 -4.23611e-05
141 -4.40618e-05
142 -4.55207e-05
143 -4.67576e-05
144 -4.77905e-05
145 -4.86356e-05
146 -4.93089e-05
147 -4.98284e-05
148 -5.02121e-05
149 -5.04763e-05
150 -5.06357e-05
151 -5.07045e-05
152 -5.06954e-05
153 -5.06203e-05
154 -5.04896e-05
155 -5.03086e-05
156 -5.00813e-05
157 -4.98113e-05
158 -4.95011e-05
159 -4.91531e-05
160 -4.877e-05
161 -4.83546e-05
162 -4.79101e-05
163 -4.74403e-05
164 -4.69501e-05
165 -4.64442e-05
166 -4.59272e-05
167 -4.54037e-05
168 -4.4878e-05
169 -4.43516e-05
170 -4.38248e-05
171 -4.32974e-05
172 -4.27687e-05
173 -4.22374e-05
174 -4.17023e-05
175 -4.1163e-05
176 -4.062e-05
177 -4.00736e-05
178 -3.95249e-05
179 -3.89756e-05
180 -3.84276e-05
181 -3.78825e-05
182 -3.73421e-05
183 -3.6808e-05
184 -3.62813e-05
185 -3.57606e-05
186 -3.52439e-05
187 -3.47294e-05
188 -3.42163e-05
189 -3.37043e-05
190 -3.31933e-05
191 -3.26831e-05
192 -3.21744e-05
193 -3.16675e-05
194 -3.11633e-05
195 -3.0664e-05
196 -3.01724e-05
197 -2.96912e-05
198 -2.9222e-05
199 -2.87653e-05
200 -2.83217e-05
201 -2.78916e-05
202 -2.74748e-05
203 -2.7071e-05
204 -2.66799e-05
205 -2.63013e-05
206 -2.5935e-05
207 -2.5581e-05
208 -2.52391e-05
209 -2.49093e-05
210 -2.45918e-05
211 -2.42868e-05
212 -2.39941e-05
213 -2.37116e-05
214 -2.34361e-05
215 -2.31648e-05
