5 0.00308824
6 0.00508908
7 0.00729761
8 0.00944633
9 0.0113272
10 0.0128262
11 0.0139157
12 0.0146268
13 0.0150194
14 0.0151607
15 0.0151126
16 0.0149268
17 0.0146442
18 0.0142958
19 0.0139046
20 0.0134877
21 0.0130574
22 0.0126226
23 0.0121896
24 0.011763
25 0.0113459
26 0.0109407
27 0.0105486
28 0.0101705
29 0.00980685
30 0.00945773
31 0.00912302
32 0.00880236
33 0.00849529
34 0.00820128
35 0.00791984
36 0.00765044
37 0.00739253
38 0.00714558
39 0.00690909
40 0.00668261
41 0.00646574
42 0.0062581
43 0.00605927
44 0.00586886
45 0.00568642
46 0.00551154
47 0.00534379
48 0.00518279
49 0.00502817
50 0.00487959
51 0.0047368
52 0.00459952
53 0.00446745
54 0.00434044
55 0.00421821
56 0.00410056
57 0.0039873
58 0.00387819
59 0.00377308
60 0.00367177
61 0.00357407
62 0.00347983
63 0.00338888
64 0.00330106
65 0.00321623
66 0.00313424
67 0.00305498
68 0.00297827
69 0.00290403
70 0.00283216
71 0.00276255
72 0.00269513
73 0.00262984
74 0.00256661
75 0.00250538
76 0.0024461
77 0.00238873
78 0.00233321
79 0.00227949
80 0.00222753
81 0.00217728
82 0.00212875
83 0.00208194
84 0.00203688
85 0.00199364
86 0.00195232
87 0.00191305
88 0.00187593
89 0.00184107
90 0.00180854
91 0.00177835
92 0.00175045
93 0.00172466
94 0.00170075
95 0.00167837
96 0.00165706
97 0.00163633
98 0.00161562
99 0.00159437
100 0.00157203
101 0.00154811
102 0.00152223
103 0.0014941
104 0.00146357
105 0.00143065
106 0.00139543
107 0.0013582
108 0.0013193
109 0.00127919
110 0.00123833
111 0.00119725
112 0.00115644
113 0.00111637
114 0.00107745
115 0.00104001
116 0.00100433
117 0.000970581
118 0.000938892
119 0.000909303
120 0.000881819
121 0.000856385
122 0.00083292
123 0.000811322
124 0.000791477
125 0.000773263
126 0.000756553
127 0.000741226
128 0.000727163
129 0.000714251
130 0.000702376
131 0.000691429
132 0.000681306
133 0.000671912
134 0.000663153
135 0.000654944
136 0.000647202
137 0.000639864
138 0.000632868
139 0.000626166
140 0.000619711
141 0.000613468
142 0.000607407
143 0.000601505
144 0.000595741
145 0.000590095
146 0.000584552
147 0.000579096
148 0.000573711
149 0.000568384
150 0.000563099
151 0.000557843
152 0.000552609
153 0.000547391
154 0.000542185
155 0.000536992
156 0.000531809
157 0.000526639
158 0.000521481
159 0.000516338
160 0.000511211
161 0.000506104
162 0.00050102
163 0.000495956
164 0.000490908
165 0.000485873
166 0.000480849
167 0.000475838
168 0.000470843
169 0.000465864
170 0.000460902
171 0.000455961
172 0.000451042
173 0.000446151
174 0.000441292
175 0.000436466
176 0.000431675
177 0.00042692
178 0.0004222
179 0.000417515
180 0.000412865
181 0.000408248
182 0.000403665
183 0.000399118
184 0.000394605
185 0.00039013
186 0.000385693
187 0.000381296
188 0.000376942
189 0.000372631
190 0.000368365
191 0.000364146
192 0.000359971
193 0.000355839
194 0.000351749
195 0.000347699
196 0.000343687
197 0.000339714
198 0.000335776
199 0.000331873
200 0.000328005
201 0.00032417
202 0.000320369
203 0.000316604
204 0.000312875
205 0.000309184
206 0.00030553
207 0.000301913
208 0.000298332
209 0.000294789
210 0.000291285
211 0.000287823
212 0.000284402
213 0.000281019
214 0.000277665
215 0.000274334
