5 0.0871986
6 0.0802219
7 0.0729832
8 0.0657783
9 0.0588445
10 0.0523523
11 0.0464076
12 0.0410599
13 0.036314
14 0.0321437
15 0.0285029
16 0.0253364
17 0.022586
18 0.0201958
19 0.0181147
20 0.0162979
21 0.0147065
22 0.0133075
23 0.0120732
24 0.0109803
25 0.0100092
26 0.00914351
27 0.00836944
28 0.00767528
29 0.00705109
30 0.0064884
31 0.00597995
32 0.00551942
33 0.00510145
34 0.00472135
35 0.00437492
36 0.00405866
37 0.00376942
38 0.00350445
39 0.00326131
40 0.00303786
41 0.00283222
42 0.00264269
43 0.00246783
44 0.00230628
45 0.00215688
46 0.00201855
47 0.00189034
48 0.00177136
49 0.00166083
50 0.00155804
51 0.00146236
52 0.00137319
53 0.00129002
54 0.00121239
55 0.00113986
56 0.00107207
57 0.00100863
58 0.000949226
59 0.000893586
60 0.000841408
61 0.000792443
62 0.000746454
63 0.000703221
64 0.00066254
65 0.000624227
66 0.000588098
67 0.000553969
68 0.000521777
69 0.00049133
70 0.00046249
71 0.000435177
72 0.000409294
73 0.000384754
74 0.000361498
75 0.000339474
76 0.000318633
77 0.000298936
78 0.000280372
79 0.000262936
80 0.000246643
81 0.000231546
82 0.000217686
83 0.00020512
84 0.000193951
85 0.000184293
86 0.000176257
87 0.000169956
88 0.000165506
89 0.000163002
90 0.000162471
91 0.000163929
92 0.000167367
93 0.000172669
94 0.000179661
95 0.000188106
96 0.000197699
97 0.000208081
98 0.000218847
99 0.00022957
100 0.000239806
101 0.000249127
102 0.000257133
103 0.000263477
104 0.000267864
105 0.000270097
106 0.00027004
107 0.000267654
108 0.000262964
109 0.000256099
110 0.00024723
111 0.000236587
112 0.000224421
113 0.000211029
114 0.000196707
115 0.000181755
116 0.000166453
117 0.000151034
118 0.000135715
119 0.000120689
120 0.000106128
121 9.21485e-05
122 7.88454e-05
123 6.62793e-05
124 5.44934e-05
125 4.35107e-05
126 3.33386e-05
127 2.39708e-05
128 1.5383e-05
129 7.54753e-06
130 4.30263e-07
131 -6.00427e-06
132 -1.17976e-05
133 -1.69932e-05
134 -2.16349e-05
135 -2.57675e-05
136 -2.94337e-05
137 -3.26729e-05
138 -3.55227e-05
139 -3.80186e-05
140 -4.01945e-05
141 -4.20816e-05
142 -4.37063e-05
143 -4.50931e-05
144 -4.62645e-05
145 -4.72409e-05
146 -4.80416e-05
147 -4.86842e-05
148 -4.91853e-05
149 -4.95601e-05
150 -4.98219e-05
151 -4.99833e-05
152 -5.00559e-05
153 -5.00503e-05
154 -4.99762e-05
155 -4.98406e-05
156 -4.96496e-05
157 -4.94094e-05
158 -4.91252e-05
159 -4.88026e-05
160 -4.8446e-05
161 -4.80591e-05
162 -4.76457e-05
163 -4.72088e-05
164 -4.67514e-05
165 -4.62761e-05
166 -4.57861e-05
167 -4.52847e-05
168 -4.47751e-05
169 -4.42591e-05
170 -4.37378e-05
171 -4.32122e-05
172 -4.2683e-05
173 -4.21508e-05
174 -4.16163e-05
175 -4.108e-05
176 -4.05424e-05
177 -4.0004e-05
178 -3.94654e-05
179 -3.8927e-05
180 -3.83891e-05
181 -3.78524e-05
182 -3.73181e-05
183 -3.67872e-05
184 -3.62606e-05
185 -3.57376e-05
186 -3.52173e-05
187 -3.46989e-05
188 -3.41826e-05
189 -3.36693e-05
190 -3.31596e-05
191 -3.26542e-05
192 -3.21532e-05
193 -3.16568e-05
194 -3.11653e-05
195 -3.068e-05
196 -3.0202e-05
197 -2.97329e-05
198 -2.92735e-05
199 -2.88245e-05
200 -2.83863e-05
201 -2.79594e-05
202 -2.75442e-05
203 -2.71409e-05
204 -2.67499e-05
205 -2.63713e-05
206 -2.60048e-05
207 -2.56503e-05
208 -2.53074e-05
209 -2.49761e-05
210 -2.4656e-05
211 -2.4347e-05
212 -2.40488e-05
213 -2.37593e-05
214 -2.34761e-05
215 -2.31965e-05
