    0.10000E-03    0.54444E+03
    0.10202E-03    0.55510E+03
    0.10408E-03    0.56596E+03
    0.10618E-03    0.57704E+03
    0.10833E-03    0.58834E+03
    0.11052E-03    0.59986E+03
    0.11275E-03    0.61160E+03
    0.11503E-03    0.62357E+03
    0.11735E-03    0.63578E+03
    0.11972E-03    0.64822E+03
    0.12214E-03    0.66091E+03
    0.12461E-03    0.67384E+03
    0.12712E-03    0.68703E+03
    0.12969E-03    0.70047E+03
    0.13231E-03    0.71418E+03
    0.13499E-03    0.72816E+03
    0.13771E-03    0.74241E+03
    0.14049E-03    0.75693E+03
    0.14333E-03    0.77174E+03
    0.14623E-03    0.78684E+03
    0.14918E-03    0.80224E+03
    0.15220E-03    0.81793E+03
    0.15527E-03    0.83393E+03
    0.15841E-03    0.85024E+03
    0.16161E-03    0.86687E+03
    0.16487E-03    0.88383E+03
    0.16820E-03    0.90111E+03
    0.17160E-03    0.91873E+03
    0.17507E-03    0.93670E+03
    0.17860E-03    0.95502E+03
    0.18221E-03    0.97369E+03
    0.18589E-03    0.99272E+03
    0.18965E-03    0.10121E+04
    0.19348E-03    0.10319E+04
    0.19739E-03    0.10521E+04
    0.20138E-03    0.10726E+04
    0.20544E-03    0.10936E+04
    0.20959E-03    0.11150E+04
    0.21383E-03    0.11368E+04
    0.21815E-03    0.11590E+04
    0.22255E-03    0.11816E+04
    0.22705E-03    0.12047E+04
    0.23164E-03    0.12282E+04
    0.23632E-03    0.12522E+04
    0.24109E-03    0.12766E+04
    0.24596E-03    0.13016E+04
    0.25093E-03    0.13270E+04
    0.25600E-03    0.13529E+04
    0.26117E-03    0.13793E+04
    0.26645E-03    0.14062E+04
    0.27183E-03    0.14336E+04
    0.27732E-03    0.14616E+04
    0.28292E-03    0.14901E+04
    0.28864E-03    0.15191E+04
    0.29447E-03    0.15487E+04
    0.30042E-03    0.15789E+04
    0.30649E-03    0.16097E+04
    0.31268E-03    0.16411E+04
    0.31899E-03    0.16730E+04
    0.32544E-03    0.17056E+04
    0.33201E-03    0.17388E+04
    0.33872E-03    0.17727E+04
    0.34556E-03    0.18072E+04
    0.35254E-03    0.18423E+04
    0.35966E-03    0.18781E+04
    0.36693E-03    0.19147E+04
    0.37434E-03    0.19519E+04
    0.38190E-03    0.19898E+04
    0.38962E-03    0.20285E+04
    0.39749E-03    0.20679E+04
    0.40552E-03    0.21080E+04
    0.41371E-03    0.21489E+04
    0.42207E-03    0.21906E+04
    0.43060E-03    0.22331E+04
    0.43929E-03    0.22764E+04
    0.44817E-03    0.23205E+04
    0.45722E-03    0.23655E+04
    0.46646E-03    0.24113E+04
    0.47588E-03    0.24580E+04
    0.48550E-03    0.25055E+04
    0.49530E-03    0.25540E+04
    0.50531E-03    0.26034E+04
    0.51552E-03    0.26537E+04
    0.52593E-03    0.27049E+04
    0.53656E-03    0.27571E+04
    0.54739E-03    0.28103E+04
    0.55845E-03    0.28645E+04
    0.56973E-03    0.29197E+04
    0.58124E-03    0.29760E+04
    0.59299E-03    0.30333E+04
    0.60496E-03    0.30916E+04
    0.61719E-03    0.31510E+04
    0.62965E-03    0.32116E+04
    0.64237E-03    0.32732E+04
    0.65535E-03    0.33360E+04
    0.66859E-03    0.34000E+04
    0.68210E-03    0.34651E+04
    0.69588E-03    0.35315E+04
    0.70993E-03    0.35990E+04
    0.72427E-03    0.36678E+04
    0.73891E-03    0.37379E+04
    0.75383E-03    0.38092E+04
    0.76906E-03    0.38818E+04
    0.78460E-03    0.39558E+04
    0.80045E-03    0.40311E+04
    0.81662E-03    0.41077E+04
    0.83311E-03    0.41858E+04
    0.84994E-03    0.42652E+04
    0.86711E-03    0.43461E+04
    0.88463E-03    0.44284E+04
    0.90250E-03    0.45121E+04
    0.92073E-03    0.45974E+04
    0.93933E-03    0.46841E+04
    0.95831E-03    0.47724E+04
    0.97767E-03    0.48623E+04
    0.99742E-03    0.49537E+04
    0.10176E-02    0.50468E+04
    0.10381E-02    0.51414E+04
    0.10591E-02    0.52377E+04
    0.10805E-02    0.53357E+04
    0.11023E-02    0.54354E+04
    0.11246E-02    0.55367E+04
    0.11473E-02    0.56398E+04
    0.11705E-02    0.57447E+04
    0.11941E-02    0.58513E+04
    0.12182E-02    0.59598E+04
    0.12429E-02    0.60700E+04
    0.12680E-02    0.61821E+04
    0.12936E-02    0.62961E+04
    0.13197E-02    0.64119E+04
    0.13464E-02    0.65297E+04
    0.13736E-02    0.66494E+04
    0.14013E-02    0.67710E+04
    0.14296E-02    0.68946E+04
    0.14585E-02    0.70202E+04
    0.14880E-02    0.71479E+04
    0.15180E-02    0.72775E+04
    0.15487E-02    0.74092E+04
    0.15800E-02    0.75430E+04
    0.16119E-02    0.76789E+04
    0.16445E-02    0.78168E+04
    0.16777E-02    0.79569E+04
    0.17116E-02    0.80991E+04
    0.17462E-02    0.82435E+04
    0.17814E-02    0.83901E+04
    0.18174E-02    0.85388E+04
    0.18541E-02    0.86897E+04
    0.18916E-02    0.88429E+04
    0.19298E-02    0.89982E+04
    0.19688E-02    0.91558E+04
    0.20086E-02    0.93157E+04
    0.20491E-02    0.94778E+04
    0.20905E-02    0.96422E+04
    0.21328E-02    0.98089E+04
    0.21758E-02    0.99778E+04
    0.22198E-02    0.10149E+05
    0.22646E-02    0.10323E+05
    0.23104E-02    0.10498E+05
    0.23571E-02    0.10676E+05
    0.24047E-02    0.10857E+05
    0.24533E-02    0.11040E+05
    0.25028E-02    0.11225E+05
    0.25534E-02    0.11412E+05
    0.26050E-02    0.11601E+05
    0.26576E-02    0.11793E+05
    0.27113E-02    0.11987E+05
    0.27660E-02    0.12184E+05
    0.28219E-02    0.12382E+05
    0.28789E-02    0.12583E+05
    0.29371E-02    0.12786E+05
    0.29964E-02    0.12992E+05
    0.30569E-02    0.13199E+05
    0.31187E-02    0.13409E+05
    0.31817E-02    0.13621E+05
    0.32460E-02    0.13834E+05
    0.33115E-02    0.14050E+05
    0.33784E-02    0.14268E+05
    0.34467E-02    0.14488E+05
    0.35163E-02    0.14710E+05
    0.35874E-02    0.14934E+05
    0.36598E-02    0.15160E+05
    0.37338E-02    0.15388E+05
    0.38092E-02    0.15617E+05
    0.38861E-02    0.15849E+05
    0.39646E-02    0.16082E+05
    0.40447E-02    0.16316E+05
    0.41264E-02    0.16552E+05
    0.42098E-02    0.16790E+05
    0.42948E-02    0.17029E+05
    0.43816E-02    0.17270E+05
    0.44701E-02    0.17512E+05
    0.45604E-02    0.17755E+05
    0.46525E-02    0.17999E+05
    0.47465E-02    0.18244E+05
    0.48424E-02    0.18491E+05
    0.49402E-02    0.18738E+05
    0.50400E-02    0.18986E+05
    0.51419E-02    0.19235E+05
    0.52457E-02    0.19484E+05
    0.53517E-02    0.19734E+05
    0.54598E-02    0.19984E+05
    0.55701E-02    0.20235E+05
    0.56826E-02    0.20486E+05
    0.57974E-02    0.20736E+05
    0.59145E-02    0.20986E+05
    0.60340E-02    0.21236E+05
    0.61559E-02    0.21486E+05
    0.62803E-02    0.21734E+05
    0.64072E-02    0.21983E+05
    0.65366E-02    0.22230E+05
    0.66686E-02    0.22476E+05
    0.68033E-02    0.22721E+05
    0.69408E-02    0.22965E+05
    0.70810E-02    0.23206E+05
    0.72240E-02    0.23446E+05
    0.73700E-02    0.23684E+05
    0.75189E-02    0.23920E+05
    0.76708E-02    0.24153E+05
    0.78257E-02    0.24384E+05
    0.79838E-02    0.24612E+05
    0.81451E-02    0.24838E+05
    0.83096E-02    0.25059E+05
    0.84775E-02    0.25278E+05
    0.86488E-02    0.25492E+05
    0.88235E-02    0.25703E+05
    0.90017E-02    0.25910E+05
    0.91836E-02    0.26112E+05
    0.93691E-02    0.26309E+05
    0.95583E-02    0.26502E+05
    0.97514E-02    0.26689E+05
    0.99484E-02    0.26871E+05
    0.10149E-01    0.27046E+05
    0.10354E-01    0.27216E+05
    0.10564E-01    0.27379E+05
    0.10777E-01    0.27536E+05
    0.10995E-01    0.27685E+05
    0.11217E-01    0.27827E+05
    0.11443E-01    0.27962E+05
    0.11675E-01    0.28089E+05
    0.11910E-01    0.28208E+05
    0.12151E-01    0.28318E+05
    0.12397E-01    0.28419E+05
    0.12647E-01    0.28511E+05
    0.12902E-01    0.28593E+05
    0.13163E-01    0.28666E+05
    0.13429E-01    0.28729E+05
    0.13700E-01    0.28781E+05
    0.13977E-01    0.28823E+05
    0.14259E-01    0.28854E+05
    0.14547E-01    0.28873E+05
    0.14841E-01    0.28881E+05
    0.15141E-01    0.28876E+05
    0.15447E-01    0.28860E+05
    0.15759E-01    0.28831E+05
    0.16077E-01    0.28790E+05
    0.16402E-01    0.28736E+05
    0.16734E-01    0.28669E+05
    0.17072E-01    0.28588E+05
    0.17416E-01    0.28494E+05
    0.17768E-01    0.28387E+05
    0.18127E-01    0.28265E+05
    0.18493E-01    0.28130E+05
    0.18867E-01    0.27981E+05
    0.19248E-01    0.27818E+05
    0.19637E-01    0.27641E+05
    0.20034E-01    0.27449E+05
    0.20438E-01    0.27244E+05
    0.20851E-01    0.27026E+05
    0.21272E-01    0.26793E+05
    0.21702E-01    0.26547E+05
    0.22141E-01    0.26288E+05
    0.22588E-01    0.26015E+05
    0.23044E-01    0.25730E+05
    0.23510E-01    0.25433E+05
    0.23985E-01    0.25124E+05
    0.24469E-01    0.24803E+05
    0.24964E-01    0.24471E+05
    0.25468E-01    0.24129E+05
    0.25982E-01    0.23778E+05
    0.26507E-01    0.23417E+05
    0.27043E-01    0.23048E+05
    0.27589E-01    0.22672E+05
    0.28146E-01    0.22289E+05
    0.28715E-01    0.21900E+05
    0.29295E-01    0.21507E+05
    0.29887E-01    0.21110E+05
    0.30490E-01    0.20710E+05
    0.31106E-01    0.20308E+05
    0.31735E-01    0.19906E+05
    0.32376E-01    0.19504E+05
    0.33030E-01    0.19103E+05
    0.33697E-01    0.18706E+05
    0.34378E-01    0.18312E+05
    0.35072E-01    0.17921E+05
    0.35781E-01    0.17533E+05
    0.36504E-01    0.17151E+05
    0.37241E-01    0.16776E+05
    0.37993E-01    0.16411E+05
    0.38761E-01    0.16056E+05
    0.39544E-01    0.15712E+05
    0.40343E-01    0.15380E+05
    0.41158E-01    0.15060E+05
    0.41989E-01    0.14754E+05
    0.42838E-01    0.14461E+05
    0.43703E-01    0.14182E+05
    0.44586E-01    0.13917E+05
    0.45486E-01    0.13664E+05
    0.46405E-01    0.13425E+05
    0.47343E-01    0.13197E+05
    0.48299E-01    0.12982E+05
    0.49275E-01    0.12777E+05
    0.50270E-01    0.12581E+05
    0.51286E-01    0.12395E+05
    0.52322E-01    0.12216E+05
    0.53379E-01    0.12045E+05
    0.54457E-01    0.11879E+05
    0.55557E-01    0.11716E+05
    0.56680E-01    0.11566E+05
    0.57825E-01    0.11426E+05
    0.58993E-01    0.11284E+05
    0.60184E-01    0.11132E+05
    0.61400E-01    0.10973E+05
    0.62641E-01    0.10809E+05
    0.63906E-01    0.10638E+05
    0.65197E-01    0.10457E+05
    0.66514E-01    0.10264E+05
    0.67858E-01    0.10058E+05
    0.69229E-01    0.98381E+04
    0.70627E-01    0.96044E+04
    0.72054E-01    0.93572E+04
    0.73510E-01    0.90972E+04
    0.74994E-01    0.88261E+04
    0.76509E-01    0.85458E+04
    0.78055E-01    0.82586E+04
    0.79632E-01    0.79670E+04
    0.81241E-01    0.76736E+04
    0.82882E-01    0.73814E+04
    0.84556E-01    0.70929E+04
    0.86264E-01    0.68111E+04
    0.88007E-01    0.65386E+04
    0.89785E-01    0.62780E+04
    0.91598E-01    0.60320E+04
    0.93449E-01    0.58028E+04
    0.95337E-01    0.55923E+04
    0.97263E-01    0.54017E+04
    0.99227E-01    0.52317E+04
    0.10123E+00    0.50821E+04
    0.10328E+00    0.49519E+04
    0.10536E+00    0.48392E+04
    0.10749E+00    0.47416E+04
    0.10966E+00    0.46561E+04
    0.11188E+00    0.45793E+04
    0.11414E+00    0.45072E+04
    0.11644E+00    0.44357E+04
    0.11880E+00    0.43606E+04
    0.12120E+00    0.42779E+04
    0.12365E+00    0.41842E+04
    0.12614E+00    0.40772E+04
    0.12869E+00    0.39562E+04
    0.13129E+00    0.38218E+04
    0.13394E+00    0.36762E+04
    0.13665E+00    0.35226E+04
    0.13941E+00    0.33647E+04
    0.14223E+00    0.32067E+04
    0.14510E+00    0.30526E+04
    0.14803E+00    0.29065E+04
    0.15102E+00    0.27722E+04
    0.15407E+00    0.26527E+04
    0.15718E+00    0.25498E+04
    0.16036E+00    0.24636E+04
    0.16360E+00    0.23924E+04
    0.16690E+00    0.23335E+04
    0.17028E+00    0.22830E+04
    0.17371E+00    0.22369E+04
    0.17722E+00    0.21911E+04
    0.18080E+00    0.21416E+04
    0.18446E+00    0.20849E+04
    0.18818E+00    0.20192E+04
    0.19198E+00    0.19445E+04
    0.19586E+00    0.18627E+04
    0.19982E+00    0.17769E+04
    0.20386E+00    0.16907E+04
    0.20797E+00    0.16078E+04
    0.21218E+00    0.15319E+04
    0.21646E+00    0.14659E+04
    0.22083E+00    0.14101E+04
    0.22530E+00    0.13642E+04
    0.22985E+00    0.13252E+04
    0.23449E+00    0.12901E+04
    0.23923E+00    0.12555E+04
    0.24406E+00    0.12187E+04
    0.24899E+00    0.11779E+04
    0.25402E+00    0.11321E+04
    0.25915E+00    0.10831E+04
    0.26439E+00    0.10329E+04
    0.26973E+00    0.98456E+03
    0.27518E+00    0.94036E+03
    0.28074E+00    0.90144E+03
    0.28641E+00    0.86795E+03
    0.29219E+00    0.83859E+03
    0.29810E+00    0.81165E+03
    0.30412E+00    0.78483E+03
    0.31026E+00    0.75658E+03
    0.31653E+00    0.72651E+03
    0.32292E+00    0.69517E+03
    0.32945E+00    0.66417E+03
    0.33610E+00    0.63488E+03
    0.34289E+00    0.60829E+03
    0.34982E+00    0.58451E+03
    0.35689E+00    0.56282E+03
    0.36409E+00    0.54222E+03
    0.37145E+00    0.52157E+03
    0.37895E+00    0.50046E+03
    0.38661E+00    0.47918E+03
    0.39442E+00    0.45835E+03
    0.40239E+00    0.43879E+03
    0.41052E+00    0.42073E+03
    0.41881E+00    0.40397E+03
    0.42727E+00    0.38803E+03
    0.43590E+00    0.37234E+03
    0.44471E+00    0.35681E+03
    0.45369E+00    0.34159E+03
    0.46286E+00    0.32696E+03
    0.47221E+00    0.31319E+03
    0.48174E+00    0.30022E+03
    0.49148E+00    0.28781E+03
    0.50141E+00    0.27580E+03
    0.51153E+00    0.26407E+03
    0.52187E+00    0.25274E+03
    0.53241E+00    0.24193E+03
    0.54317E+00    0.23165E+03
    0.55414E+00    0.22183E+03
    0.56533E+00    0.21238E+03
    0.57675E+00    0.20324E+03
    0.58840E+00    0.19446E+03
    0.60029E+00    0.18607E+03
    0.61242E+00    0.17804E+03
    0.62479E+00    0.17035E+03
    0.63741E+00    0.16296E+03
    0.65029E+00    0.15588E+03
    0.66342E+00    0.14909E+03
    0.67683E+00    0.14257E+03
    0.69050E+00    0.13633E+03
    0.70445E+00    0.13035E+03
    0.71868E+00    0.12461E+03
    0.73320E+00    0.11912E+03
    0.74801E+00    0.11386E+03
    0.76312E+00    0.10882E+03
    0.77854E+00    0.10400E+03
    0.79426E+00    0.99375E+02
    0.81031E+00    0.94953E+02
    0.82668E+00    0.90719E+02
    0.84338E+00    0.86667E+02
    0.86041E+00    0.82789E+02
    0.87780E+00    0.79077E+02
    0.89553E+00    0.75526E+02
    0.91362E+00    0.72128E+02
    0.93208E+00    0.68877E+02
    0.95091E+00    0.65766E+02
    0.97011E+00    0.62792E+02
    0.98971E+00    0.59946E+02
    0.10097E+01    0.57225E+02
    0.10301E+01    0.54623E+02
    0.10509E+01    0.52135E+02
    0.10721E+01    0.49756E+02
    0.10938E+01    0.47482E+02
    0.11159E+01    0.45308E+02
    0.11384E+01    0.43231E+02
    0.11614E+01    0.41245E+02
    0.11849E+01    0.39348E+02
    0.12088E+01    0.37536E+02
    0.12333E+01    0.35804E+02
    0.12582E+01    0.34150E+02
    0.12836E+01    0.32569E+02
    0.13095E+01    0.31060E+02
    0.13360E+01    0.29618E+02
    0.13630E+01    0.28241E+02
    0.13905E+01    0.26927E+02
    0.14186E+01    0.25672E+02
    0.14472E+01    0.24473E+02
    0.14765E+01    0.23329E+02
    0.15063E+01    0.22237E+02
    0.15367E+01    0.21195E+02
    0.15678E+01    0.20200E+02
    0.15994E+01    0.19250E+02
    0.16318E+01    0.18344E+02
    0.16647E+01    0.17480E+02
    0.16984E+01    0.16655E+02
    0.17327E+01    0.15868E+02
    0.17677E+01    0.15117E+02
    0.18034E+01    0.14401E+02
    0.18398E+01    0.13718E+02
    0.18770E+01    0.13067E+02
    0.19149E+01    0.12445E+02
    0.19536E+01    0.11853E+02
    0.19930E+01    0.11288E+02
    0.20333E+01    0.10749E+02
    0.20744E+01    0.10236E+02
    0.21163E+01    0.97460E+01
    0.21590E+01    0.92793E+01
    0.22026E+01    0.88344E+01
    0.22471E+01    0.84104E+01
    0.22925E+01    0.80062E+01
    0.23388E+01    0.76211E+01
    0.23861E+01    0.72541E+01
    0.24343E+01    0.69044E+01
    0.24835E+01    0.65711E+01
    0.25336E+01    0.62537E+01
    0.25848E+01    0.59512E+01
    0.26370E+01    0.56630E+01
    0.26903E+01    0.53886E+01
    0.27447E+01    0.51271E+01
    0.28001E+01    0.48781E+01
    0.28567E+01    0.46410E+01
    0.29144E+01    0.44151E+01
    0.29733E+01    0.42000E+01
    0.30333E+01    0.39952E+01
    0.30946E+01    0.38002E+01
    0.31571E+01    0.36146E+01
    0.32209E+01    0.34378E+01
    0.32860E+01    0.32695E+01
    0.33523E+01    0.31093E+01
    0.34201E+01    0.29569E+01
    0.34892E+01    0.28117E+01
    0.35596E+01    0.26736E+01
    0.36316E+01    0.25421E+01
    0.37049E+01    0.24170E+01
    0.37798E+01    0.22979E+01
    0.38561E+01    0.21846E+01
    0.39340E+01    0.20768E+01
    0.40135E+01    0.19742E+01
    0.40946E+01    0.18766E+01
    0.41773E+01    0.17838E+01
    0.42617E+01    0.16954E+01
    0.43478E+01    0.16114E+01
    0.44356E+01    0.15315E+01
    0.45252E+01    0.14554E+01
    0.46166E+01    0.13831E+01
    0.47099E+01    0.13143E+01
    0.48050E+01    0.12489E+01
    0.49021E+01    0.11867E+01
    0.50011E+01    0.11276E+01
    0.51021E+01    0.10713E+01
    0.52052E+01    0.10178E+01
    0.53104E+01    0.96700E+00
    0.54176E+01    0.91865E+00
    0.55271E+01    0.87268E+00
    0.56387E+01    0.82898E+00
    0.57526E+01    0.78744E+00
    0.58689E+01    0.74795E+00
    0.59874E+01    0.71042E+00
    0.61084E+01    0.67474E+00
    0.62318E+01    0.64083E+00
    0.63577E+01    0.60860E+00
    0.64861E+01    0.57797E+00
    0.66171E+01    0.54886E+00
    0.67508E+01    0.52120E+00
    0.68872E+01    0.49491E+00
    0.70263E+01    0.46993E+00
    0.71682E+01    0.44620E+00
    0.73130E+01    0.42365E+00
    0.74608E+01    0.40222E+00
    0.76115E+01    0.38187E+00
    0.77653E+01    0.36253E+00
    0.79221E+01    0.34416E+00
    0.80822E+01    0.32671E+00
    0.82454E+01    0.31013E+00
    0.84120E+01    0.29439E+00
    0.85819E+01    0.27943E+00
    0.87553E+01    0.26523E+00
    0.89322E+01    0.25174E+00
    0.91126E+01    0.23892E+00
    0.92967E+01    0.22675E+00
    0.94845E+01    0.21520E+00
    0.96761E+01    0.20423E+00
    0.98716E+01    0.19381E+00
    0.10071E+02    0.18391E+00
    0.10274E+02    0.17452E+00
    0.10482E+02    0.16560E+00
    0.10694E+02    0.15713E+00
    0.10910E+02    0.14909E+00
    0.11130E+02    0.14145E+00
    0.11355E+02    0.13421E+00
    0.11584E+02    0.12733E+00
    0.11818E+02    0.12079E+00
    0.12057E+02    0.11460E+00
    0.12301E+02    0.10871E+00
    0.12549E+02    0.10313E+00
    0.12803E+02    0.97825E-01
    0.13061E+02    0.92794E-01
    0.13325E+02    0.88018E-01
    0.13594E+02    0.83486E-01
    0.13869E+02    0.79186E-01
    0.14149E+02    0.75104E-01
    0.14435E+02    0.71231E-01
    0.14727E+02    0.67555E-01
    0.15024E+02    0.64068E-01
    0.15328E+02    0.60759E-01
    0.15637E+02    0.57619E-01
    0.15953E+02    0.54640E-01
    0.16275E+02    0.51813E-01
    0.16604E+02    0.49131E-01
    0.16940E+02    0.46587E-01
    0.17282E+02    0.44173E-01
    0.17631E+02    0.41884E-01
    0.17987E+02    0.39711E-01
    0.18351E+02    0.37651E-01
    0.18721E+02    0.35696E-01
    0.19099E+02    0.33842E-01
    0.19485E+02    0.32084E-01
    0.19879E+02    0.30416E-01
    0.20280E+02    0.28834E-01
    0.20690E+02    0.27333E-01
    0.21108E+02    0.25910E-01
    0.21535E+02    0.24561E-01
    0.21970E+02    0.23281E-01
    0.22413E+02    0.22067E-01
    0.22866E+02    0.20916E-01
    0.23328E+02    0.19825E-01
    0.23799E+02    0.18790E-01
    0.24280E+02    0.17808E-01
    0.24771E+02    0.16878E-01
    0.25271E+02    0.15995E-01
    0.25782E+02    0.15159E-01
    0.26302E+02    0.14365E-01
    0.26834E+02    0.13613E-01
    0.27376E+02    0.12900E-01
    0.27929E+02    0.12224E-01
    0.28493E+02    0.11583E-01
    0.29069E+02    0.10976E-01
    0.29656E+02    0.10400E-01
    0.30255E+02    0.98541E-02
    0.30866E+02    0.93366E-02
    0.31490E+02    0.88460E-02
    0.32126E+02    0.83810E-02
    0.32775E+02    0.79403E-02
    0.33437E+02    0.75226E-02
    0.34112E+02    0.71266E-02
    0.34801E+02    0.67514E-02
    0.35504E+02    0.63957E-02
    0.36222E+02    0.60586E-02
    0.36953E+02    0.57392E-02
    0.37700E+02    0.54364E-02
    0.38462E+02    0.51495E-02
    0.39239E+02    0.48776E-02
    0.40031E+02    0.46200E-02
    0.40840E+02    0.43759E-02
    0.41665E+02    0.41445E-02
    0.42507E+02    0.39253E-02
    0.43365E+02    0.37176E-02
    0.44241E+02    0.35208E-02
    0.45135E+02    0.33343E-02
    0.46047E+02    0.31576E-02
    0.46977E+02    0.29902E-02
    0.47926E+02    0.28316E-02
    0.48894E+02    0.26814E-02
    0.49882E+02    0.25390E-02
    0.50890E+02    0.24042E-02
    0.51918E+02    0.22765E-02
    0.52966E+02    0.21554E-02
    0.54036E+02    0.20408E-02
    0.55128E+02    0.19322E-02
    0.56242E+02    0.18293E-02
    0.57378E+02    0.17319E-02
    0.58537E+02    0.16396E-02
    0.59720E+02    0.15522E-02
    0.60926E+02    0.14694E-02
    0.62157E+02    0.13910E-02
    0.63412E+02    0.13167E-02
    0.64693E+02    0.12464E-02
    0.66000E+02    0.11797E-02
    0.67334E+02    0.11166E-02
    0.68694E+02    0.10569E-02
    0.70082E+02    0.10003E-02
    0.71497E+02    0.94672E-03
    0.72942E+02    0.89598E-03
    0.74415E+02    0.84793E-03
    0.75918E+02    0.80243E-03
    0.77452E+02    0.75935E-03
    0.79017E+02    0.71855E-03
    0.80613E+02    0.67993E-03
    0.82241E+02    0.64335E-03
    0.83903E+02    0.60873E-03
    0.85598E+02    0.57594E-03
    0.87327E+02    0.54491E-03
    0.89091E+02    0.51552E-03
    0.90891E+02    0.48770E-03
    0.92727E+02    0.46137E-03
    0.94600E+02    0.43643E-03
    0.96511E+02    0.41283E-03
    0.98461E+02    0.39049E-03
    0.10045E+03    0.36934E-03
    0.10248E+03    0.34933E-03
    0.10455E+03    0.33038E-03
    0.10666E+03    0.31245E-03
    0.10882E+03    0.29547E-03
    0.11101E+03    0.27941E-03
    0.11326E+03    0.26420E-03
    0.11554E+03    0.24981E-03
    0.11788E+03    0.23619E-03
    0.12026E+03    0.22331E-03
    0.12269E+03    0.21111E-03
    0.12517E+03    0.19957E-03
    0.12770E+03    0.18865E-03
    0.13028E+03    0.17832E-03
    0.13291E+03    0.16854E-03
    0.13559E+03    0.15929E-03
    0.13833E+03    0.15054E-03
    0.14113E+03    0.14225E-03
    0.14398E+03    0.13442E-03
    0.14689E+03    0.12701E-03
    0.14985E+03    0.12000E-03
    0.15288E+03    0.11336E-03
    0.15597E+03    0.10709E-03
    0.15912E+03    0.10116E-03
    0.16233E+03    0.95544E-04
    0.16561E+03    0.90236E-04
    0.16896E+03    0.85216E-04
    0.17237E+03    0.80468E-04
    0.17585E+03    0.75978E-04
    0.17941E+03    0.71732E-04
    0.18303E+03    0.67717E-04
    0.18673E+03    0.63921E-04
    0.19050E+03    0.60332E-04
    0.19435E+03    0.56938E-04
    0.19828E+03    0.53731E-04
    0.20228E+03    0.50698E-04
    0.20637E+03    0.47832E-04
    0.21054E+03    0.45123E-04
    0.21479E+03    0.42562E-04
    0.21913E+03    0.40142E-04
    0.22356E+03    0.37856E-04
    0.22807E+03    0.35695E-04
    0.23268E+03    0.33653E-04
    0.23738E+03    0.31724E-04
    0.24217E+03    0.29902E-04
    0.24707E+03    0.28181E-04
    0.25206E+03    0.26555E-04
    0.25715E+03    0.25019E-04
    0.26234E+03    0.23569E-04
    0.26764E+03    0.22200E-04
    0.27305E+03    0.20908E-04
    0.27857E+03    0.19687E-04
    0.28419E+03    0.18535E-04
    0.28994E+03    0.17448E-04
    0.29579E+03    0.16422E-04
    0.30177E+03    0.15454E-04
    0.30786E+03    0.14541E-04
    0.31408E+03    0.13679E-04
    0.32043E+03    0.12866E-04
    0.32690E+03    0.12100E-04
    0.33351E+03    0.11377E-04
    0.34024E+03    0.10695E-04
    0.34712E+03    0.10053E-04
    0.35413E+03    0.94478E-05
    0.36128E+03    0.88775E-05
    0.36858E+03    0.83401E-05
    0.37603E+03    0.78339E-05
    0.38362E+03    0.73571E-05
    0.39137E+03    0.69082E-05
    0.39928E+03    0.64855E-05
    0.40734E+03    0.60877E-05
    0.41557E+03    0.57134E-05
    0.42397E+03    0.53612E-05
    0.43253E+03    0.50299E-05
    0.44127E+03    0.47184E-05
    0.45019E+03    0.44255E-05
    0.45928E+03    0.41501E-05
    0.46856E+03    0.38914E-05
    0.47802E+03    0.36483E-05
    0.48768E+03    0.34199E-05
    0.49753E+03    0.32054E-05
    0.50758E+03    0.30039E-05
    0.51784E+03    0.28149E-05
    0.52830E+03    0.26374E-05
    0.53897E+03    0.24709E-05
    0.54986E+03    0.23147E-05
    0.56097E+03    0.21683E-05
    0.57230E+03    0.20309E-05
    0.58386E+03    0.19022E-05
    0.59565E+03    0.17815E-05
    0.60769E+03    0.16684E-05
    0.61996E+03    0.15624E-05
    0.63249E+03    0.14631E-05
    0.64526E+03    0.13701E-05
    0.65830E+03    0.12830E-05
    0.67160E+03    0.12014E-05
    0.68516E+03    0.11250E-05
    0.69901E+03    0.10534E-05
    0.71313E+03    0.98646E-06
    0.72753E+03    0.92374E-06
    0.74223E+03    0.86502E-06
    0.75722E+03    0.81006E-06
    0.77252E+03    0.75861E-06
    0.78813E+03    0.71045E-06
    0.80405E+03    0.66536E-06
    0.82029E+03    0.62316E-06
    0.83686E+03    0.58364E-06
    0.85377E+03    0.54665E-06
    0.87101E+03    0.51202E-06
    0.88861E+03    0.47959E-06
    0.90656E+03    0.44923E-06
    0.92488E+03    0.42080E-06
    0.94356E+03    0.39418E-06
    0.96262E+03    0.36925E-06
    0.98207E+03    0.34591E-06
    0.10019E+04    0.32405E-06
    0.10221E+04    0.30358E-06
    0.10428E+04    0.28441E-06
    0.10639E+04    0.26645E-06
    0.10854E+04    0.24962E-06
    0.11073E+04    0.23386E-06
    0.11296E+04    0.21910E-06
    0.11525E+04    0.20527E-06
