5 0.0525313
6 0.0464041
7 0.041574
8 0.0376245
9 0.0343181
10 0.0315038
11 0.0290777
12 0.0269645
13 0.0251076
14 0.0234635
15 0.0219978
16 0.0206833
17 0.0194976
18 0.0184227
19 0.0174437
20 0.0165481
21 0.0157256
22 0.0149675
23 0.0142663
24 0.0136158
25 0.0130106
26 0.0124461
27 0.0119183
28 0.0114238
29 0.0109595
30 0.0105227
31 0.0101112
32 0.00972282
33 0.0093558
34 0.00900847
35 0.00867936
36 0.00836717
37 0.00807069
38 0.00778886
39 0.00752069
40 0.00726529
41 0.00702185
42 0.00678961
43 0.0065679
44 0.00635609
45 0.00615359
46 0.00595987
47 0.00577443
48 0.0055968
49 0.00542657
50 0.00526333
51 0.00510671
52 0.00495637
53 0.00481197
54 0.00467322
55 0.00453984
56 0.00441156
57 0.00428812
58 0.0041693
59 0.00405488
60 0.00394464
61 0.00383839
62 0.00373595
63 0.00363715
64 0.00354181
65 0.00344979
66 0.00336093
67 0.0032751
68 0.00319217
69 0.00311201
70 0.00303451
71 0.00295955
72 0.00288703
73 0.00281684
74 0.00274889
75 0.00268309
76 0.00261936
77 0.0025576
78 0.00249774
79 0.00243972
80 0.00238345
81 0.00232886
82 0.0022759
83 0.00222451
84 0.00217461
85 0.00212617
86 0.00207912
87 0.00203341
88 0.001989
89 0.00194583
90 0.00190387
91 0.00186307
92 0.00182339
93 0.00178478
94 0.00174723
95 0.00171068
96 0.0016751
97 0.00164047
98 0.00160674
99 0.00157389
100 0.0015419
101 0.00151073
102 0.00148035
103 0.00145074
104 0.00142188
105 0.00139374
106 0.0013663
107 0.00133954
108 0.00131344
109 0.00128798
110 0.00126313
111 0.00123888
112 0.00121521
113 0.00119211
114 0.00116956
115 0.00114753
116 0.00112603
117 0.00110502
118 0.00108451
119 0.00106446
120 0.00104488
121 0.00102574
122 0.00100704
123 0.000988766
124 0.0009709
125 0.000953434
126 0.000936359
127 0.000919662
128 0.000903335
129 0.000887368
130 0.00087175
131 0.000856474
132 0.00084153
133 0.000826909
134 0.000812604
135 0.000798606
136 0.000784908
137 0.000771501
138 0.00075838
139 0.000745536
140 0.000732963
141 0.000720655
142 0.000708604
143 0.000696804
144 0.00068525
145 0.000673935
146 0.000662854
147 0.000652001
148 0.000641371
149 0.000630958
150 0.000620758
151 0.000610764
152 0.000600974
153 0.00059138
154 0.00058198
155 0.000572769
156 0.000563742
157 0.000554894
158 0.000546223
159 0.000537724
160 0.000529392
161 0.000521225
162 0.000513218
163 0.000505368
164 0.000497671
165 0.000490124
166 0.000482723
167 0.000475465
168 0.000468348
169 0.000461367
170 0.00045452
171 0.000447804
172 0.000441216
173 0.000434753
174 0.000428412
175 0.000422191
176 0.000416087
177 0.000410098
178 0.00040422
179 0.000398452
180 0.000392791
181 0.000387235
182 0.000381781
183 0.000376428
184 0.000371173
185 0.000366014
186 0.000360948
187 0.000355975
188 0.000351091
189 0.000346296
190 0.000341587
191 0.000336962
192 0.000332419
193 0.000327957
194 0.000323574
195 0.000319269
196 0.000315039
197 0.000310883
198 0.0003068
199 0.000302787
200 0.000298844
201 0.000294969
202 0.000291161
203 0.000287418
204 0.000283739
205 0.000280123
206 0.000276568
207 0.000273072
208 0.000269631
209 0.000266248
210 0.000262924
211 0.00025966
212 0.000256459
213 0.00025331
214 0.0002502
215 0.000247118
