5 0.0535169
6 0.0474072
7 0.0425804
8 0.03862
9 0.0352903
10 0.032442
11 0.0299735
12 0.0278111
13 0.0259003
14 0.0241989
15 0.0226741
16 0.0212997
17 0.0200546
18 0.0189215
19 0.0178862
20 0.0169367
21 0.0160631
22 0.0152568
23 0.0145106
24 0.0138183
25 0.0131744
26 0.0125743
27 0.0120139
28 0.0114896
29 0.0109982
30 0.0105369
31 0.0101032
32 0.00969478
33 0.00930976
34 0.00894629
35 0.00860277
36 0.00827771
37 0.00796982
38 0.00767786
39 0.00740077
40 0.00713752
41 0.00688722
42 0.00664901
43 0.00642214
44 0.0062059
45 0.00599964
46 0.00580275
47 0.00561468
48 0.00543492
49 0.005263
50 0.00509846
51 0.00494091
52 0.00478995
53 0.00464524
54 0.00450644
55 0.00437324
56 0.00424535
57 0.0041225
58 0.00400444
59 0.00389093
60 0.00378174
61 0.00367667
62 0.00357552
63 0.0034781
64 0.00338424
65 0.00329378
66 0.00320655
67 0.00312242
68 0.00304123
69 0.00296288
70 0.00288722
71 0.00281414
72 0.00274353
73 0.00267529
74 0.00260932
75 0.00254552
76 0.0024838
77 0.00242408
78 0.00236627
79 0.0023103
80 0.0022561
81 0.0022036
82 0.00215273
83 0.00210342
84 0.00205562
85 0.00200927
86 0.00196431
87 0.00192069
88 0.00187837
89 0.00183729
90 0.00179741
91 0.00175869
92 0.00172107
93 0.00168454
94 0.00164903
95 0.00161453
96 0.00158099
97 0.00154838
98 0.00151667
99 0.00148583
100 0.00145582
101 0.00142663
102 0.00139821
103 0.00137056
104 0.00134363
105 0.00131741
106 0.00129188
107 0.00126701
108 0.00124278
109 0.00121917
110 0.00119616
111 0.00117373
112 0.00115186
113 0.00113054
114 0.00110975
115 0.00108947
116 0.00106968
117 0.00105038
118 0.00103155
119 0.00101316
120 0.00099522
121 0.000977702
122 0.000960597
123 0.000943894
124 0.00092758
125 0.000911644
126 0.000896075
127 0.000880862
128 0.000865995
129 0.000851465
130 0.000837262
131 0.000823377
132 0.0008098
133 0.000796523
134 0.000783538
135 0.000770836
136 0.000758411
137 0.000746253
138 0.000734357
139 0.000722715
140 0.00071132
141 0.000700165
142 0.000689245
143 0.000678552
144 0.000668081
145 0.000657827
146 0.000647783
147 0.000637943
148 0.000628304
149 0.000618858
150 0.000609603
151 0.000600532
152 0.000591641
153 0.000582925
154 0.000574381
155 0.000566003
156 0.000557788
157 0.000549732
158 0.00054183
159 0.000534079
160 0.000526476
161 0.000519016
162 0.000511696
163 0.000504513
164 0.000497463
165 0.000490544
166 0.000483752
167 0.000477084
168 0.000470538
169 0.00046411
170 0.000457798
171 0.000451598
172 0.00044551
173 0.000439529
174 0.000433653
175 0.000427881
176 0.000422209
177 0.000416636
178 0.000411159
179 0.000405776
180 0.000400485
181 0.000395283
182 0.00039017
183 0.000385143
184 0.0003802
185 0.00037534
186 0.00037056
187 0.000365858
188 0.000361234
189 0.000356686
190 0.000352211
191 0.000347808
192 0.000343477
193 0.000339215
194 0.00033502
195 0.000330892
196 0.00032683
197 0.000322831
198 0.000318894
199 0.000315019
200 0.000311204
201 0.000307447
202 0.000303748
203 0.000300105
204 0.000296519
205 0.000292987
206 0.000289507
207 0.000286079
208 0.0002827
209 0.00027937
210 0.000276092
211 0.000272867
212 0.000269696
213 0.000266571
214 0.000263481
215 0.000260416
