0.0001 84.1353
0.000100677 84.6877
0.000101359 85.2437
0.000102045 85.8033
0.000102736 86.3666
0.000103432 86.9336
0.000104133 87.5043
0.000104838 88.0787
0.000105548 88.6569
0.000106263 89.2389
0.000106982 89.8248
0.000107707 90.4144
0.000108436 91.008
0.00010917 91.6054
0.00010991 92.2067
0.000110654 92.812
0.000111403 93.4213
0.000112158 94.0345
0.000112917 94.6518
0.000113682 95.2731
0.000114452 95.8985
0.000115227 96.528
0.000116007 97.1616
0.000116793 97.7994
0.000117584 98.4413
0.00011838 99.0875
0.000119182 99.7379
0.000119989 100.393
0.000120801 101.051
0.000121619 101.715
0.000122443 102.382
0.000123272 103.054
0.000124107 103.731
0.000124947 104.412
0.000125793 105.097
0.000126645 105.787
0.000127503 106.481
0.000128366 107.18
0.000129236 107.883
0.000130111 108.591
0.000130992 109.304
0.000131879 110.021
0.000132772 110.743
0.000133671 111.47
0.000134576 112.202
0.000135488 112.938
0.000136405 113.679
0.000137329 114.425
0.000138259 115.176
0.000139195 115.932
0.000140138 116.693
0.000141087 117.458
0.000142042 118.229
0.000143004 119.005
0.000143973 119.786
0.000144948 120.572
0.000145929 121.363
0.000146918 122.159
0.000147913 122.961
0.000148914 123.768
0.000149923 124.58
0.000150938 125.397
0.00015196 126.22
0.000152989 127.048
0.000154025 127.882
0.000155068 128.721
0.000156118 129.565
0.000157176 130.415
0.00015824 131.271
0.000159312 132.132
0.00016039 132.999
0.000161477 133.871
0.00016257 134.75
0.000163671 135.634
0.000164779 136.523
0.000165895 137.419
0.000167019 138.32
0.00016815 139.228
0.000169288 140.141
0.000170435 141.06
0.000171589 141.986
0.000172751 142.917
0.000173921 143.854
0.000175099 144.798
0.000176284 145.748
0.000177478 146.704
0.00017868 147.666
0.00017989 148.634
0.000181108 149.609
0.000182335 150.59
0.00018357 151.578
0.000184813 152.572
0.000186064 153.572
0.000187324 154.579
0.000188593 155.593
0.00018987 156.613
0.000191156 157.64
0.00019245 158.674
0.000193754 159.714
0.000195066 160.762
0.000196387 161.816
0.000197717 162.877
0.000199055 163.945
0.000200403 165.019
0.000201761 166.101
0.000203127 167.19
0.000204502 168.286
0.000205887 169.39
0.000207282 170.5
0.000208685 171.618
0.000210099 172.743
0.000211521 173.875
0.000212954 175.015
0.000214396 176.162
0.000215848 177.316
0.000217309 178.479
0.000218781 179.648
0.000220263 180.826
0.000221754 182.011
0.000223256 183.204
0.000224768 184.404
0.00022629 185.613
0.000227822 186.829
0.000229365 188.053
0.000230918 189.286
0.000232482 190.526
0.000234057 191.774
0.000235642 193.031
0.000237237 194.295
0.000238844 195.568
0.000240461 196.849
0.00024209 198.139
0.000243729 199.437
0.00024538 200.743
0.000247041 202.058
0.000248714 203.382
0.000250399 204.714
0.000252094 206.055
0.000253802 207.404
0.00025552 208.763
0.000257251 210.13
0.000258993 211.506
0.000260747 212.891
0.000262512 214.285
0.00026429 215.688
0.00026608 217.1
0.000267882 218.522
0.000269696 219.953
0.000271522 221.393
0.000273361 222.842
0.000275212 224.301
0.000277076 225.769
0.000278952 227.247
0.000280841 228.734
0.000282743 230.231
0.000284658 231.738
0.000286586 233.255
0.000288526 234.781
0.00029048 236.318
0.000292447 237.864
0.000294428 239.42
0.000296422 240.987
0.000298429 242.564
0.00030045 244.151
0.000302485 245.748
0.000304533 247.355
0.000306595 248.973
0.000308672 250.602
0.000310762 252.241
0.000312866 253.891
0.000314985 255.551
0.000317118 257.222
0.000319266 258.905
0.000321428 260.597
0.000323605 262.301
0.000325796 264.016
0.000328002 265.742
0.000330224 267.48
0.00033246 269.228
0.000334711 270.988
0.000336978 272.759
0.00033926 274.542
0.000341557 276.336
0.00034387 278.142
0.000346199 279.959
0.000348543 281.788
0.000350904 283.63
0.00035328 285.483
0.000355673 287.348
0.000358081 289.225
0.000360506 291.114
0.000362947 293.015
0.000365405 294.929
0.00036788 296.855
0.000370371 298.793
0.000372879 300.744
0.000375404 302.708
0.000377947 304.684
0.000380506 306.673
0.000383083 308.674
0.000385677 310.689
0.000388289 312.717
0.000390918 314.757
0.000393566 316.811
0.000396231 318.878
0.000398914 320.959
0.000401615 323.053
0.000404335 325.16
0.000407073 327.281
0.00040983 329.415
0.000412605 331.564
0.0004154 333.726
0.000418213 335.901
0.000421045 338.091
0.000423896 340.295
0.000426767 342.514
0.000429657 344.746
0.000432566 346.993
0.000435496 349.254
0.000438445 351.529
0.000441414 353.82
0.000444403 356.125
0.000447413 358.444
0.000450443 360.779
0.000453493 363.128
0.000456564 365.493
0.000459656 367.873
0.000462769 370.268
0.000465903 372.678
0.000469058 375.104
0.000472234 377.545
0.000475432 380.001
0.000478652 382.474
0.000481893 384.962
0.000485156 387.466
0.000488442 389.987
0.00049175 392.523
0.00049508 395.075
0.000498432 397.644
0.000501808 400.229
0.000505206 402.831
0.000508627 405.449
0.000512072 408.083
0.000515539 410.735
0.000519031 413.403
0.000522545 416.089
0.000526084 418.791
0.000529647 421.511
0.000533234 424.248
0.000536845 427.002
0.00054048 429.774
0.00054414 432.563
0.000547825 435.37
0.000551535 438.195
0.00055527 441.038
0.00055903 443.898
0.000562816 446.777
0.000566627 449.674
0.000570465 452.59
0.000574328 455.524
0.000578217 458.476
0.000582133 461.447
0.000586075 464.437
0.000590044 467.445
0.00059404 470.473
0.000598062 473.52
0.000602112 476.585
0.00060619 479.671
0.000610295 482.775
0.000614428 485.899
0.000618589 489.043
0.000622778 492.207
0.000626995 495.39
0.000631241 498.593
0.000635516 501.817
0.00063982 505.061
0.000644153 508.325
0.000648515 511.609
0.000652907 514.914
0.000657328 518.24
0.000661779 521.586
0.000666261 524.954
0.000670773 528.342
0.000675315 531.752
0.000679889 535.183
0.000684493 538.635
0.000689128 542.109
0.000693795 545.604
0.000698493 549.121
0.000703223 552.66
0.000707986 556.221
0.00071278 559.805
0.000717607 563.41
0.000722467 567.038
0.000727359 570.688
0.000732285 574.361
0.000737244 578.056
0.000742236 581.775
0.000747263 585.516
0.000752323 589.28
0.000757418 593.068
0.000762547 596.879
0.000767711 600.714
0.00077291 604.572
0.000778144 608.454
0.000783414 612.36
0.000788719 616.29
0.00079406 620.243
0.000799438 624.222
0.000804851 628.224
0.000810302 632.251
0.000815789 636.303
0.000821314 640.379
0.000826876 644.481
0.000832475 648.607
0.000838113 652.759
0.000843788 656.936
0.000849502 661.138
0.000855255 665.366
0.000861047 669.619
0.000866878 673.899
0.000872748 678.204
0.000878659 682.535
0.000884609 686.893
0.0008906 691.277
0.000896631 695.687
0.000902703 700.124
0.000908816 704.588
0.00091497 709.079
0.000921166 713.597
0.000927404 718.142
0.000933685 722.714
0.000940008 727.314
0.000946373 731.941
0.000952782 736.596
0.000959234 741.279
0.00096573 745.99
0.00097227 750.728
0.000978854 755.496
0.000985483 760.291
0.000992157 765.115
0.000998876 769.968
0.00100564 774.849
0.00101245 779.76
0.00101931 784.699
0.00102621 789.668
0.00103316 794.666
0.00104016 799.694
0.0010472 804.751
0.00105429 809.838
0.00106143 814.955
0.00106862 820.102
0.00107586 825.279
0.00108314 830.487
0.00109048 835.724
0.00109786 840.993
0.0011053 846.292
0.00111278 851.622
0.00112032 856.983
0.0011279 862.375
0.00113554 867.799
0.00114323 873.254
0.00115097 878.74
0.00115877 884.258
0.00116661 889.808
0.00117451 895.39
0.00118247 901.004
0.00119048 906.65
0.00119854 912.329
0.00120665 918.04
0.00121483 923.784
0.00122305 929.56
0.00123133 935.369
0.00123967 941.212
0.00124807 947.087
0.00125652 952.996
0.00126503 958.939
0.0012736 964.915
0.00128222 970.924
0.0012909 976.968
0.00129965 983.045
0.00130845 989.157
0.00131731 995.303
0.00132623 1001.48
0.00133521 1007.7
0.00134425 1013.95
0.00135336 1020.23
0.00136252 1026.55
0.00137175 1032.9
0.00138104 1039.29
0.00139039 1045.72
0.0013998 1052.18
0.00140928 1058.67
0.00141883 1065.2
0.00142844 1071.77
0.00143811 1078.37
0.00144785 1085.01
0.00145765 1091.68
0.00146752 1098.4
0.00147746 1105.14
0.00148747 1111.93
0.00149754 1118.75
0.00150768 1125.6
0.00151789 1132.5
0.00152817 1139.43
0.00153852 1146.4
0.00154894 1153.4
0.00155943 1160.44
0.00156999 1167.52
0.00158062 1174.64
0.00159132 1181.8
0.0016021 1188.99
0.00161295 1196.22
0.00162387 1203.49
0.00163487 1210.79
0.00164594 1218.14
0.00165709 1225.52
0.00166831 1232.94
0.00167961 1240.4
0.00169098 1247.9
0.00170243 1255.44
0.00171396 1263.01
0.00172557 1270.63
0.00173725 1278.28
0.00174902 1285.98
0.00176086 1293.71
0.00177279 1301.48
0.00178479 1309.29
0.00179688 1317.14
0.00180905 1325.03
0.0018213 1332.95
0.00183363 1340.92
0.00184605 1348.93
0.00185855 1356.98
0.00187114 1365.07
0.00188381 1373.19
0.00189657 1381.36
0.00190941 1389.57
0.00192234 1397.81
0.00193536 1406.1
0.00194846 1414.43
0.00196166 1422.8
0.00197494 1431.21
0.00198832 1439.66
0.00200178 1448.15
0.00201534 1456.68
0.00202899 1465.25
0.00204273 1473.86
0.00205656 1482.51
0.00207049 1491.2
0.00208451 1499.94
0.00209862 1508.71
0.00211284 1517.53
0.00212714 1526.38
0.00214155 1535.28
0.00215605 1544.22
0.00217065 1553.19
0.00218535 1562.21
0.00220015 1571.28
0.00221505 1580.38
0.00223005 1589.52
0.00224515 1598.7
0.00226036 1607.93
0.00227566 1617.19
0.00229107 1626.5
0.00230659 1635.85
0.00232221 1645.24
0.00233794 1654.67
0.00235377 1664.14
0.00236971 1673.65
0.00238575 1683.21
0.00240191 1692.8
0.00241818 1702.44
0.00243455 1712.11
0.00245104 1721.83
0.00246764 1731.59
0.00248435 1741.39
0.00250117 1751.23
0.00251811 1761.11
0.00253516 1771.03
0.00255233 1780.99
0.00256962 1790.99
0.00258702 1801.04
0.00260454 1811.12
0.00262217 1821.25
0.00263993 1831.41
0.00265781 1841.62
0.00267581 1851.86
0.00269393 1862.15
0.00271217 1872.47
0.00273054 1882.84
0.00274903 1893.25
0.00276765 1903.69
0.00278639 1914.18
0.00280526 1924.7
0.00282425 1935.27
0.00284338 1945.87
0.00286264 1956.51
0.00288202 1967.2
0.00290154 1977.92
0.00292119 1988.68
0.00294097 1999.48
0.00296089 2010.32
0.00298094 2021.19
0.00300112 2032.11
0.00302145 2043.06
0.00304191 2054.05
0.00306251 2065.08
0.00308325 2076.15
0.00310413 2087.25
0.00312515 2098.39
0.00314631 2109.57
0.00316762 2120.79
0.00318907 2132.04
0.00321067 2143.33
0.00323241 2154.66
0.0032543 2166.02
0.00327634 2177.42
0.00329852 2188.86
0.00332086 2200.33
0.00334335 2211.83
0.00336599 2223.37
0.00338878 2234.95
0.00341173 2246.56
0.00343484 2258.2
0.0034581 2269.88
0.00348152 2281.6
0.00350509 2293.34
0.00352883 2305.12
0.00355273 2316.94
0.00357679 2328.78
0.00360101 2340.66
0.00362539 2352.57
0.00364994 2364.52
0.00367466 2376.49
0.00369955 2388.5
0.0037246 2400.54
0.00374982 2412.6
0.00377522 2424.7
0.00380078 2436.83
0.00382652 2448.99
0.00385243 2461.18
0.00387852 2473.39
0.00390479 2485.64
0.00393123 2497.91
0.00395785 2510.22
0.00398466 2522.55
0.00401164 2534.9
0.00403881 2547.29
0.00406616 2559.7
0.00409369 2572.13
0.00412142 2584.59
0.00414933 2597.08
0.00417742 2609.59
0.00420571 2622.13
0.0042342 2634.69
0.00426287 2647.27
0.00429174 2659.88
0.0043208 2672.51
0.00435006 2685.16
0.00437952 2697.83
0.00440918 2710.53
0.00443904 2723.24
0.0044691 2735.98
0.00449936 2748.73
0.00452983 2761.5
0.00456051 2774.3
0.00459139 2787.11
0.00462248 2799.94
0.00465379 2812.78
0.0046853 2825.64
0.00471703 2838.52
0.00474898 2851.41
0.00478114 2864.32
0.00481351 2877.25
0.00484611 2890.18
0.00487893 2903.13
0.00491197 2916.09
0.00494523 2929.07
0.00497872 2942.05
0.00501244 2955.05
0.00504638 2968.06
0.00508055 2981.07
0.00511496 2994.1
0.0051496 3007.13
0.00518447 3020.17
0.00521958 3033.22
0.00525493 3046.27
0.00529051 3059.33
0.00532634 3072.4
0.00536241 3085.47
0.00539872 3098.54
0.00543528 3111.62
0.00547209 3124.69
0.00550915 3137.77
0.00554646 3150.85
0.00558402 3163.93
0.00562183 3177.01
0.0056599 3190.08
0.00569823 3203.16
0.00573682 3216.23
0.00577567 3229.3
0.00581478 3242.36
0.00585416 3255.41
0.0058938 3268.47
0.00593372 3281.51
0.0059739 3294.54
0.00601435 3307.57
0.00605508 3320.59
0.00609609 3333.59
0.00613737 3346.59
0.00617893 3359.57
0.00622078 3372.54
0.0062629 3385.5
0.00630532 3398.44
0.00634802 3411.36
0.006391 3424.27
0.00643428 3437.16
0.00647786 3450.04
0.00652172 3462.89
0.00656589 3475.72
0.00661035 3488.53
0.00665512 3501.32
0.00670019 3514.09
0.00674556 3526.83
0.00679124 3539.55
0.00683723 3552.24
0.00688353 3564.9
0.00693015 3577.54
0.00697708 3590.14
0.00702433 3602.72
0.0070719 3615.26
0.00711979 3627.77
0.007168 3640.25
0.00721654 3652.7
0.00726541 3665.1
0.00731462 3677.48
0.00736415 3689.81
0.00741402 3702.1
0.00746423 3714.36
0.00751477 3726.57
0.00756566 3738.74
0.0076169 3750.87
0.00766848 3762.96
0.00772041 3774.99
0.00777269 3786.99
0.00782533 3798.93
0.00787832 3810.82
0.00793168 3822.67
0.00798539 3834.46
0.00803947 3846.2
0.00809391 3857.88
0.00814872 3869.51
0.0082039 3881.08
0.00825946 3892.6
0.00831539 3904.06
0.0083717 3915.45
0.0084284 3926.79
0.00848547 3938.06
0.00854294 3949.26
0.00860079 3960.41
0.00865903 3971.48
0.00871767 3982.49
0.00877671 3993.42
0.00883614 4004.29
0.00889598 4015.08
0.00895623 4025.8
0.00901688 4036.45
0.00907794 4047.02
0.00913942 4057.51
0.00920131 4067.92
0.00926362 4078.25
0.00932635 4088.5
0.00938951 4098.66
0.00945309 4108.74
0.00951711 4118.73
0.00958156 4128.64
0.00964645 4138.45
0.00971177 4148.18
0.00977754 4157.81
0.00984375 4167.35
0.00991042 4176.79
0.00997753 4186.14
0.0100451 4195.39
0.0101131 4204.53
0.0101816 4213.58
0.0102506 4222.52
0.01032 4231.36
0.0103899 4240.09
0.0104602 4248.71
0.0105311 4257.23
0.0106024 4265.63
0.0106742 4273.92
0.0107465 4282.09
0.0108192 4290.15
0.0108925 4298.09
0.0109663 4305.91
0.0110405 4313.61
0.0111153 4321.18
0.0111906 4328.64
0.0112663 4335.96
0.0113426 4343.16
0.0114195 4350.23
0.0114968 4357.16
0.0115746 4363.97
0.011653 4370.63
0.0117319 4377.16
0.0118114 4383.56
0.0118914 4389.81
0.0119719 4395.92
0.012053 4401.88
0.0121346 4407.7
0.0122168 4413.38
0.0122995 4418.9
0.0123828 4424.27
0.0124667 4429.49
0.0125511 4434.56
0.0126361 4439.46
0.0127216 4444.21
0.0128078 4448.8
0.0128945 4453.23
0.0129819 4457.49
0.0130698 4461.59
0.0131583 4465.52
0.0132474 4469.28
0.0133371 4472.87
0.0134274 4476.28
0.0135183 4479.52
0.0136099 4482.58
0.013702 4485.47
0.0137948 4488.17
0.0138883 4490.69
0.0139823 4493.03
0.014077 4495.18
0.0141723 4497.14
0.0142683 4498.91
0.0143649 4500.49
0.0144622 4501.88
0.0145601 4503.07
0.0146587 4504.06
0.014758 4504.85
0.014858 4505.45
0.0149586 4505.84
0.0150599 4506.02
0.0151619 4506
0.0152645 4505.77
0.0153679 4505.34
0.015472 4504.69
0.0155767 4503.82
0.0156822 4502.75
0.0157884 4501.45
0.0158954 4499.94
0.016003 4498.21
0.0161114 4496.25
0.0162205 4494.08
0.0163303 4491.68
0.0164409 4489.05
0.0165522 4486.2
0.0166643 4483.12
0.0167772 4479.8
0.0168908 4476.26
0.0170052 4472.48
0.0171203 4468.47
0.0172363 4464.22
0.017353 4459.74
0.0174705 4455.02
0.0175888 4450.06
0.0177079 4444.86
0.0178279 4439.41
0.0179486 4433.73
0.0180701 4427.8
0.0181925 4421.63
0.0183157 4415.22
0.0184397 4408.56
0.0185646 4401.65
0.0186903 4394.5
0.0188169 4387.1
0.0189443 4379.46
0.0190726 4371.56
0.0192018 4363.42
0.0193318 4355.03
0.0194627 4346.39
0.0195945 4337.51
0.0197272 4328.37
0.0198608 4318.99
0.0199953 4309.35
0.0201307 4299.47
0.020267 4289.35
0.0204043 4278.97
0.0205425 4268.35
0.0206816 4257.48
0.0208216 4246.37
0.0209626 4235.01
0.0211046 4223.41
0.0212475 4211.57
0.0213914 4199.49
0.0215363 4187.17
0.0216821 4174.61
0.0218289 4161.81
0.0219768 4148.78
0.0221256 4135.51
0.0222754 4122.02
0.0224263 4108.29
0.0225781 4094.34
0.022731 4080.16
0.022885 4065.76
0.02304 4051.14
0.023196 4036.3
0.0233531 4021.24
0.0235112 4005.97
0.0236704 3990.5
0.0238307 3974.82
0.0239921 3958.93
0.0241546 3942.84
0.0243182 3926.56
0.0244828 3910.09
0.0246486 3893.42
0.0248156 3876.57
0.0249836 3859.54
0.0251528 3842.33
0.0253231 3824.95
0.0254946 3807.39
0.0256673 3789.67
0.0258411 3771.79
0.0260161 3753.76
0.0261923 3735.57
0.0263696 3717.24
0.0265482 3698.76
0.026728 3680.15
0.026909 3661.4
0.0270912 3642.52
0.0272747 3623.53
0.0274594 3604.41
0.0276453 3585.18
0.0278326 3565.85
0.028021 3546.41
0.0282108 3526.88
0.0284018 3507.26
0.0285942 3487.55
0.0287878 3467.76
0.0289828 3447.9
0.029179 3427.97
0.0293766 3407.98
0.0295756 3387.93
0.0297759 3367.83
0.0299775 3347.68
0.0301805 3327.49
0.0303849 3307.27
0.0305906 3287.02
0.0307978 3266.75
0.0310064 3246.46
0.0312163 3226.16
0.0314277 3205.85
0.0316406 3185.54
0.0318548 3165.23
0.0320706 3144.94
0.0322877 3124.66
0.0325064 3104.41
0.0327265 3084.18
0.0329481 3063.99
0.0331713 3043.83
0.0333959 3023.72
0.0336221 3003.65
0.0338497 2983.64
0.034079 2963.68
0.0343098 2943.79
0.0345421 2923.97
0.034776 2904.22
0.0350115 2884.55
0.0352486 2864.96
0.0354873 2845.46
0.0357276 2826.06
0.0359696 2806.74
0.0362132 2787.53
0.0364584 2768.43
0.0367053 2749.43
0.0369539 2730.54
0.0372041 2711.78
0.0374561 2693.13
0.0377097 2674.61
0.0379651 2656.22
0.0382222 2637.96
0.038481 2619.83
0.0387416 2601.84
0.039004 2584
0.0392681 2566.3
0.039534 2548.75
0.0398018 2531.35
0.0400713 2514.11
0.0403427 2497.02
0.0406159 2480.09
0.0408909 2463.33
0.0411678 2446.72
0.0414466 2430.29
0.0417273 2414.02
0.0420099 2397.93
0.0422944 2382.01
0.0425808 2366.26
0.0428691 2350.7
0.0431594 2335.31
0.0434517 2320.1
0.043746 2305.07
0.0440422 2290.22
0.0443405 2275.56
0.0446407 2261.09
0.044943 2246.8
0.0452474 2232.69
0.0455538 2218.78
0.0458623 2205.05
0.0461729 2191.51
0.0464856 2178.15
0.0468004 2164.99
0.0471173 2152.01
0.0474364 2139.22
0.0477576 2126.62
0.048081 2114.21
0.0484066 2101.98
0.0487344 2089.93
0.0490645 2078.07
0.0493967 2066.39
0.0497312 2054.89
0.050068 2043.56
0.0504071 2032.41
0.0507484 2021.44
0.0510921 2010.63
0.0514381 1999.99
0.0517864 1989.52
0.0521371 1979.21
0.0524902 1969.05
0.0528457 1959.04
0.0532035 1949.19
0.0535638 1939.47
0.0539266 1929.9
0.0542917 1920.46
0.0546594 1911.15
0.0550296 1901.95
0.0554022 1892.88
0.0557774 1883.91
0.0561551 1875.05
0.0565354 1866.28
0.0569183 1857.59
0.0573037 1848.99
0.0576918 1840.46
0.0580825 1831.99
0.0584758 1823.58
0.0588718 1815.21
0.0592705 1806.88
0.0596718 1798.57
0.0600759 1790.28
0.0604828 1782
0.0608924 1773.71
0.0613047 1765.41
0.0617199 1757.08
0.0621378 1748.72
0.0625586 1740.31
0.0629823 1731.84
0.0634088 1723.31
0.0638382 1714.7
0.0642705 1705.99
0.0647057 1697.18
0.0651439 1688.26
0.0655851 1679.22
0.0660292 1670.04
0.0664764 1660.72
0.0669265 1651.24
0.0673798 1641.6
0.0678361 1631.79
0.0682955 1621.79
0.0687579 1611.6
0.0692236 1601.21
0.0696924 1590.61
0.0701643 1579.8
0.0706395 1568.78
0.0711178 1557.52
0.0715994 1546.04
0.0720843 1534.32
0.0725725 1522.36
0.0730639 1510.17
0.0735587 1497.74
0.0740568 1485.07
0.0745584 1472.16
0.0750633 1459.01
0.0755716 1445.63
0.0760834 1432.03
0.0765986 1418.2
0.0771173 1404.15
0.0776396 1389.9
0.0781653 1375.45
0.0786947 1360.81
0.0792276 1345.99
0.0797641 1331
0.0803043 1315.86
0.0808481 1300.59
0.0813956 1285.19
0.0819468 1269.68
0.0825017 1254.09
0.0830604 1238.42
0.0836229 1222.7
0.0841892 1206.95
0.0847593 1191.18
0.0853333 1175.42
0.0859112 1159.69
0.086493 1144.01
0.0870787 1128.39
0.0876684 1112.87
0.0882621 1097.45
0.0888598 1082.17
0.0894616 1067.05
0.0900674 1052.09
0.0906773 1037.34
0.0912914 1022.79
0.0919096 1008.48
0.092532 994.425
0.0931587 980.635
0.0937895 967.13
0.0944247 953.926
0.0950641 941.036
0.0957079 928.474
0.096356 916.252
0.0970085 904.38
0.0976655 892.868
0.0983269 881.723
0.0989927 870.951
0.0996631 860.557
0.100338 850.544
0.101018 840.914
0.101702 831.666
0.10239 822.799
0.103084 814.308
0.103782 806.189
0.104485 798.435
0.105192 791.037
0.105905 783.986
0.106622 777.268
0.107344 770.87
0.108071 764.778
0.108803 758.974
0.109539 753.441
0.110281 748.159
0.111028 743.107
0.11178 738.263
0.112537 733.604
0.113299 729.106
0.114066 724.743
0.114839 720.491
0.115616 716.322
0.116399 712.21
0.117188 708.128
0.117981 704.05
0.11878 699.948
0.119584 695.798
0.120394 691.572
0.12121 687.248
0.12203 682.8
0.122857 678.209
0.123689 673.453
0.124526 668.513
0.12537 663.375
0.126219 658.023
0.127073 652.446
0.127934 646.636
0.1288 640.585
0.129673 634.292
0.130551 627.756
0.131435 620.979
0.132325 613.967
0.133221 606.73
0.134123 599.278
0.135031 591.627
0.135946 583.794
0.136866 575.798
0.137793 567.66
0.138726 559.406
0.139666 551.061
0.140612 542.651
0.141564 534.204
0.142523 525.75
0.143488 517.318
0.144459 508.936
0.145438 500.635
0.146423 492.441
0.147414 484.382
0.148412 476.485
0.149418 468.773
0.150429 461.268
0.151448 453.991
0.152474 446.961
0.153506 440.191
0.154546 433.694
0.155592 427.481
0.156646 421.557
0.157707 415.926
0.158775 410.59
0.15985 405.544
0.160933 400.784
0.162022 396.3
0.16312 392.082
0.164224 388.116
0.165336 384.383
0.166456 380.865
0.167583 377.541
0.168718 374.386
0.169861 371.377
0.171011 368.486
0.172169 365.687
0.173335 362.952
0.174509 360.253
0.175691 357.562
0.17688 354.853
0.178078 352.101
0.179284 349.282
0.180498 346.374
0.181721 343.359
0.182951 340.219
0.18419 336.942
0.185437 333.519
0.186693 329.944
0.187957 326.215
0.18923 322.333
0.190512 318.305
0.191802 314.139
0.193101 309.849
0.194408 305.45
0.195725 300.961
0.19705 296.403
0.198385 291.798
0.199728 287.171
0.201081 282.546
0.202443 277.948
0.203814 273.401
0.205194 268.929
0.206583 264.555
0.207982 260.297
0.209391 256.174
0.210809 252.201
0.212236 248.39
0.213674 244.749
0.215121 241.284
0.216577 237.997
0.218044 234.886
0.219521 231.946
0.221007 229.169
0.222504 226.545
0.224011 224.058
0.225528 221.694
0.227055 219.434
0.228593 217.258
0.230141 215.146
0.231699 213.078
0.233268 211.032
0.234848 208.989
0.236438 206.931
0.238039 204.839
0.239651 202.701
0.241274 200.504
0.242908 198.24
0.244553 195.904
0.246209 193.493
0.247877 191.009
0.249555 188.457
0.251245 185.845
0.252947 183.183
0.25466 180.484
0.256384 177.763
0.25812 175.035
0.259868 172.317
0.261628 169.625
0.2634 166.975
0.265184 164.381
0.266979 161.856
0.268787 159.41
0.270608 157.053
0.27244 154.789
0.274285 152.621
0.276143 150.549
0.278013 148.57
0.279895 146.678
0.281791 144.867
0.283699 143.125
0.28562 141.443
0.287554 139.806
0.289502 138.204
0.291462 136.623
0.293436 135.05
0.295423 133.476
0.297424 131.89
0.299438 130.285
0.301466 128.656
0.303507 127.001
0.305563 125.318
0.307632 123.61
0.309715 121.88
0.311812 120.136
0.313924 118.384
0.31605 116.634
0.31819 114.893
0.320345 113.172
0.322514 111.478
0.324698 109.82
0.326897 108.204
0.329111 106.635
0.33134 105.115
0.333584 103.646
0.335843 102.226
0.338117 100.854
0.340407 99.5238
0.342712 98.2315
0.345033 96.9701
0.347369 95.7331
0.349722 94.5134
0.35209 93.3047
0.354474 92.1012
0.356875 90.8983
0.359292 89.6926
0.361725 88.4823
0.364174 87.2671
0.36664 86.0479
0.369123 84.8271
0.371623 83.6082
0.37414 82.3951
0.376673 81.1924
0.379224 80.0046
0.381792 78.8358
0.384378 77.6896
0.386981 76.5686
0.389601 75.4745
0.39224 74.4077
0.394896 73.3678
0.39757 72.3532
0.400262 71.3614
0.402973 70.3895
0.405702 69.4341
0.408449 68.492
0.411215 67.5599
0.414 66.6353
0.416804 65.7161
0.419626 64.8011
0.422468 63.8898
0.425329 62.9827
0.428209 62.0808
0.431109 61.1857
0.434029 60.2994
0.436968 59.4238
0.439927 58.561
0.442906 57.7125
0.445905 56.8795
0.448925 56.0626
0.451965 55.2619
0.455026 54.4769
0.458107 53.7065
0.46121 52.9495
0.464333 52.2042
0.467477 51.4691
0.470643 50.7427
0.47383 50.024
0.477039 49.312
0.48027 48.6064
0.483522 47.9072
0.486796 47.2147
0.490093 46.5296
0.493412 45.8527
0.496753 45.185
0.500117 44.527
0.503504 43.8794
0.506914 43.2426
0.510347 42.6165
0.513803 42.001
0.517282 41.3954
0.520785 40.7993
0.524312 40.2117
0.527862 39.6321
0.531437 39.0597
0.535036 38.4941
0.538659 37.935
0.542307 37.3823
0.54598 36.8362
0.549677 36.2968
0.553399 35.7646
0.557147 35.2398
0.56092 34.7228
0.564718 34.2137
0.568543 33.7125
0.572393 33.219
0.576269 32.7332
0.580172 32.2545
0.5841 31.7826
0.588056 31.3172
0.592038 30.8579
0.596048 30.4045
0.600084 29.9569
0.604148 29.515
0.608239 29.0789
0.612358 28.6488
0.616505 28.2248
0.62068 27.807
0.624883 27.3954
0.629115 26.9901
0.633375 26.5908
0.637664 26.1974
0.641983 25.8097
0.64633 25.4274
0.650707 25.0504
0.655114 24.6784
0.65955 24.3115
0.664016 23.9494
0.668513 23.5924
0.67304 23.2403
0.677598 22.8934
0.682187 22.5515
0.686806 22.2148
0.691458 21.883
0.69614 21.5562
0.700854 21.2341
0.7056 20.9167
0.710379 20.6036
0.715189 20.2949
0.720033 19.9904
0.724909 19.6901
0.729818 19.3941
0.73476 19.1023
0.739736 18.8148
0.744745 18.5316
0.749789 18.2527
0.754866 17.9778
0.759978 17.707
0.765125 17.4401
0.770306 17.177
0.775523 16.9175
0.780775 16.6617
0.786062 16.4095
0.791385 16.1609
0.796744 15.916
0.80214 15.6747
0.807572 15.4371
0.813041 15.203
0.818547 14.9723
0.82409 14.745
0.829671 14.521
0.835289 14.3001
0.840946 14.0824
0.846641 13.8678
0.852374 13.6563
0.858146 13.448
0.863958 13.2428
0.869808 13.0407
0.875699 12.8416
0.881629 12.6455
0.887599 12.4522
0.89361 12.2616
0.899662 12.0738
0.905754 11.8887
0.911888 11.7064
0.918063 11.5267
0.92428 11.3498
0.930539 11.1756
0.936841 11.004
0.943185 10.8349
0.949572 10.6682
0.956003 10.504
0.962477 10.3421
0.968995 10.1827
0.975557 10.0256
0.982163 9.87094
0.988814 9.71861
0.995511 9.56858
1.00225 9.42076
1.00904 9.27511
1.01587 9.13157
1.02275 8.99015
1.02968 8.85084
1.03665 8.71364
1.04367 8.57855
1.05074 8.4455
1.05785 8.31446
1.06502 8.18534
1.07223 8.05813
1.07949 7.93278
1.0868 7.80932
1.09416 7.68773
1.10157 7.56801
1.10903 7.45012
1.11654 7.33401
1.1241 7.21962
1.13172 7.10692
1.13938 6.99589
1.1471 6.88655
1.15486 6.77888
1.16268 6.67286
1.17056 6.56847
1.17848 6.46565
1.18647 6.36436
1.1945 6.26458
1.20259 6.1663
1.21073 6.06953
1.21893 5.97425
1.22719 5.88044
1.2355 5.78806
1.24386 5.69706
1.25229 5.60742
1.26077 5.51913
1.26931 5.4322
1.2779 5.34663
1.28656 5.26237
1.29527 5.17939
1.30404 5.09767
1.31287 5.01717
1.32176 4.9379
1.33071 4.85986
1.33972 4.78303
1.3488 4.70739
1.35793 4.6329
1.36713 4.55953
1.37638 4.48728
1.3857 4.41614
1.39509 4.34612
1.40454 4.27718
1.41405 4.2093
1.42362 4.14245
1.43326 4.07662
1.44297 4.0118
1.45274 3.948
1.46258 3.88519
1.47248 3.82335
1.48246 3.76245
1.4925 3.70249
1.5026 3.64346
1.51278 3.58535
1.52302 3.52815
1.53334 3.47183
1.54372 3.41637
1.55417 3.36177
1.5647 3.30802
1.5753 3.25511
1.58596 3.20303
1.5967 3.15176
1.60752 3.10127
1.6184 3.05156
1.62936 3.00265
1.6404 2.9545
1.6515 2.90709
1.66269 2.86042
1.67395 2.81447
1.68528 2.76925
1.6967 2.72474
1.70819 2.68092
1.71975 2.63778
1.7314 2.59532
1.74313 2.55352
1.75493 2.51238
1.76681 2.47189
1.77878 2.43203
1.79083 2.39279
1.80295 2.35417
1.81516 2.31616
1.82745 2.27875
1.83983 2.24192
1.85229 2.20567
1.86483 2.16999
1.87746 2.13488
1.89018 2.10032
1.90298 2.0663
1.91586 2.03282
1.92884 1.99987
1.9419 1.96745
1.95505 1.93552
1.96829 1.90411
1.98162 1.87319
1.99504 1.84277
2.00855 1.81282
2.02215 1.78334
2.03584 1.75434
2.04963 1.7258
2.06351 1.69771
2.07748 1.67006
2.09155 1.64285
2.10572 1.61607
2.11998 1.58973
2.13433 1.56379
2.14879 1.53827
2.16334 1.51316
2.17799 1.48845
2.19274 1.46413
2.20759 1.4402
2.22254 1.41665
2.23759 1.39348
2.25274 1.37068
2.268 1.34824
2.28336 1.32616
2.29882 1.30443
2.31439 1.28305
2.33006 1.26201
2.34584 1.24131
2.36172 1.22094
2.37772 1.2009
2.39382 1.18118
2.41003 1.16177
2.42635 1.14268
2.44278 1.12389
2.45932 1.10541
2.47598 1.08722
2.49275 1.06932
2.50963 1.05171
2.52662 1.03439
2.54373 1.01734
2.56096 1.00057
2.5783 0.984071
2.59576 0.967836
2.61334 0.951862
2.63104 0.936147
2.64885 0.920686
2.66679 0.905473
2.68485 0.890506
2.70303 0.875783
2.72134 0.861296
2.73977 0.847044
2.75832 0.833023
2.777 0.819229
2.79581 0.805658
2.81474 0.792308
2.8338 0.779173
2.85299 0.766252
2.87231 0.753541
2.89176 0.741035
2.91135 0.728733
2.93106 0.716632
2.95091 0.704726
2.97089 0.693014
2.99101 0.681493
3.01127 0.670159
3.03166 0.65901
3.05219 0.648043
3.07286 0.637254
3.09367 0.626641
3.11462 0.616202
3.13571 0.605932
3.15695 0.59583
3.17833 0.585894
3.19985 0.576119
3.22152 0.566504
3.24333 0.557047
3.2653 0.547744
3.28741 0.538594
3.30967 0.529593
3.33209 0.52074
3.35465 0.512032
3.37737 0.503466
3.40024 0.495041
3.42327 0.486754
3.44645 0.478603
3.46979 0.470587
3.49328 0.462701
3.51694 0.454946
3.54076 0.447317
3.56474 0.439814
3.58888 0.432435
3.61318 0.425177
3.63765 0.418039
3.66228 0.411017
3.68708 0.404112
3.71205 0.397321
3.73719 0.390641
3.7625 0.384072
3.78798 0.377611
3.81363 0.371257
3.83946 0.365008
3.86546 0.358862
3.89163 0.352817
3.91799 0.346873
3.94452 0.341026
3.97123 0.335277
3.99813 0.329623
4.0252 0.324062
4.05246 0.318593
4.0799 0.313215
4.10753 0.307926
4.13535 0.302725
4.16335 0.29761
4.19155 0.29258
4.21993 0.287634
4.24851 0.282769
4.27728 0.277986
4.30624 0.273281
4.33541 0.268656
4.36477 0.264107
4.39432 0.259633
4.42408 0.255234
4.45404 0.250909
4.4842 0.246655
4.51457 0.242473
4.54514 0.23836
4.57592 0.234315
4.60691 0.230338
4.63811 0.226427
4.66952 0.222582
4.70114 0.218801
4.73298 0.215083
4.76503 0.211427
4.7973 0.207832
4.82978 0.204297
4.86249 0.200822
4.89542 0.197404
4.92857 0.194044
4.96195 0.19074
4.99555 0.187491
5.02938 0.184297
5.06344 0.181156
5.09773 0.178068
5.13225 0.175032
5.16701 0.172046
5.202 0.169111
5.23722 0.166225
5.27269 0.163388
5.3084 0.160598
5.34434 0.157855
5.38054 0.155158
5.41697 0.152506
5.45366 0.149899
5.49059 0.147336
5.52777 0.144816
5.56521 0.142338
5.60289 0.139903
5.64084 0.137508
5.67904 0.135153
5.71749 0.132839
5.75621 0.130563
5.79519 0.128325
5.83444 0.126126
5.87395 0.123963
5.91373 0.121837
5.95377 0.119747
5.99409 0.117693
6.03469 0.115673
6.07555 0.113687
6.1167 0.111734
6.15812 0.109815
6.19982 0.107928
6.24181 0.106073
6.28407 0.10425
6.32663 0.102457
6.36947 0.100695
6.41261 0.0989628
6.45603 0.0972598
6.49975 0.0955857
6.54377 0.09394
6.58808 0.0923222
6.6327 0.0907319
6.67762 0.0891685
6.72284 0.0876317
6.76836 0.086121
6.8142 0.084636
6.86034 0.0831762
6.9068 0.0817413
6.95357 0.0803307
7.00066 0.0789442
7.04807 0.0775812
7.0958 0.0762414
7.14385 0.0749245
7.19223 0.07363
7.24094 0.0723575
7.28997 0.0711067
7.33934 0.0698772
7.38904 0.0686687
7.43908 0.0674808
7.48946 0.0663132
7.54018 0.0651655
7.59124 0.0640374
7.64265 0.0629286
7.6944 0.0618387
7.74651 0.0607674
7.79897 0.0597144
7.85178 0.0586795
7.90495 0.0576622
7.95849 0.0566623
8.01238 0.0556795
8.06664 0.0547136
8.12127 0.0537642
8.17626 0.052831
8.23163 0.0519138
8.28738 0.0510123
8.3435 0.0501263
8.4 0.0492555
8.45689 0.0483996
8.51416 0.0475584
8.57182 0.0467316
8.62986 0.045919
8.6883 0.0451203
8.74714 0.0443354
8.80638 0.0435639
8.86601 0.0428057
8.92605 0.0420606
8.9865 0.0413282
9.04736 0.0406084
9.10863 0.039901
9.17031 0.0392058
9.23241 0.0385225
9.29493 0.037851
9.35788 0.037191
9.42125 0.0365424
9.48505 0.035905
9.54928 0.0352786
9.61395 0.0346629
9.67905 0.0340579
9.7446 0.0334633
9.81059 0.0328789
9.87703 0.0323047
9.94391 0.0317403
10.0113 0.0311857
10.0791 0.0306406
10.1473 0.030105
10.216 0.0295786
10.2852 0.0290613
10.3549 0.028553
10.425 0.0280534
10.4956 0.0275625
10.5667 0.02708
10.6382 0.0266059
10.7103 0.02614
10.7828 0.0256822
10.8558 0.0252323
10.9293 0.0247902
11.0033 0.0243557
11.0778 0.0239288
11.1529 0.0235092
11.2284 0.023097
11.3044 0.0226918
11.381 0.0222937
11.4581 0.0219026
11.5356 0.0215181
11.6138 0.0211404
11.6924 0.0207692
11.7716 0.0204045
11.8513 0.0200461
11.9316 0.0196939
12.0124 0.0193478
12.0937 0.0190078
12.1756 0.0186736
12.2581 0.0183453
12.3411 0.0180227
12.4247 0.0177057
12.5088 0.0173942
12.5935 0.0170881
12.6788 0.0167873
12.7646 0.0164918
12.8511 0.0162015
12.9381 0.0159161
13.0257 0.0156358
13.1139 0.0153603
13.2027 0.0150897
13.2922 0.0148237
13.3822 0.0145624
13.4728 0.0143057
13.564 0.0140534
13.6559 0.0138055
13.7484 0.013562
13.8415 0.0133227
13.9352 0.0130876
14.0296 0.0128566
14.1246 0.0126296
14.2202 0.0124066
14.3165 0.0121875
14.4135 0.0119722
14.5111 0.0117607
14.6094 0.0115529
14.7083 0.0113487
14.8079 0.0111481
14.9082 0.010951
15.0091 0.0107573
15.1108 0.010567
15.2131 0.0103801
15.3161 0.0101964
15.4198 0.010016
15.5243 0.0098387
15.6294 0.00966452
15.7352 0.00949339
15.8418 0.00932527
15.9491 0.00916009
16.0571 0.00899781
16.1658 0.00883837
16.2753 0.00868173
16.3855 0.00852784
16.4965 0.00837665
16.6082 0.00822812
16.7207 0.00808219
16.8339 0.00793883
16.9479 0.00779798
17.0627 0.00765961
17.1782 0.00752367
17.2945 0.00739012
17.4117 0.00725891
17.5296 0.00713002
17.6483 0.00700339
17.7678 0.00687899
17.8881 0.00675677
18.0093 0.00663671
18.1312 0.00651876
18.254 0.00640289
18.3776 0.00628905
18.5021 0.00617722
18.6274 0.00606737
18.7535 0.00595944
18.8805 0.00585342
19.0084 0.00574927
19.1371 0.00564695
19.2667 0.00554644
19.3972 0.0054477
19.5285 0.0053507
19.6608 0.00525541
19.7939 0.0051618
19.928 0.00506985
20.0629 0.00497952
20.1988 0.00489078
20.3356 0.00480361
20.4733 0.00471798
20.6119 0.00463387
20.7515 0.00455124
20.892 0.00447006
21.0335 0.00439033
21.1759 0.004312
21.3193 0.00423506
21.4637 0.00415948
21.6091 0.00408524
21.7554 0.0040123
21.9027 0.00394066
22.0511 0.00387029
22.2004 0.00380117
22.3507 0.00373326
22.5021 0.00366656
22.6545 0.00360104
22.8079 0.00353669
22.9623 0.00347347
23.1178 0.00341137
23.2744 0.00335037
23.432 0.00329046
23.5907 0.0032316
23.7504 0.00317379
23.9113 0.00311701
24.0732 0.00306123
24.2362 0.00300644
24.4004 0.00295263
24.5656 0.00289977
24.732 0.00284784
24.8994 0.00279684
25.0681 0.00274675
25.2378 0.00269754
25.4087 0.00264921
25.5808 0.00260174
25.754 0.00255511
25.9284 0.00250931
26.104 0.00246433
26.2808 0.00242014
26.4588 0.00237674
26.6379 0.00233412
26.8183 0.00229225
27 0.00225112
27.1828 0.00221073
27.3669 0.00217105
27.5522 0.00213209
27.7388 0.00209381
27.9266 0.00205622
28.1158 0.0020193
28.3061 0.00198303
28.4978 0.00194741
28.6908 0.00191243
28.8851 0.00187807
29.0807 0.00184432
29.2777 0.00181117
29.4759 0.00177862
29.6755 0.00174664
29.8765 0.00171524
30.0788 0.00168439
30.2825 0.0016541
30.4876 0.00162434
30.6941 0.00159512
30.9019 0.00156642
31.1112 0.00153823
31.3219 0.00151055
31.534 0.00148335
31.7475 0.00145665
31.9625 0.00143042
32.179 0.00140466
32.3969 0.00137936
32.6163 0.00135452
32.8371 0.00133011
33.0595 0.00130615
33.2834 0.00128261
33.5088 0.00125949
33.7357 0.00123679
33.9642 0.00121449
34.1942 0.00119259
34.4257 0.00117109
34.6589 0.00114997
34.8936 0.00112922
35.1299 0.00110885
35.3678 0.00108884
35.6073 0.00106919
35.8484 0.0010499
36.0912 0.00103095
36.3356 0.00101234
36.5817 0.000994058
36.8294 0.000976107
37.0788 0.000958479
37.3299 0.000941166
37.5827 0.000924164
37.8372 0.000907467
38.0934 0.00089107
38.3514 0.000874966
38.6111 0.000859152
38.8726 0.000843621
39.1358 0.000828369
39.4009 0.000813391
39.6677 0.000798682
39.9363 0.000784236
40.2068 0.000770051
40.479 0.00075612
40.7532 0.000742439
41.0291 0.000729004
41.307 0.000715811
41.5867 0.000702854
41.8683 0.000690131
42.1519 0.000677636
42.4373 0.000665366
42.7247 0.000653316
43.014 0.000641484
43.3053 0.000629864
43.5986 0.000618453
43.8938 0.000607247
44.1911 0.000596243
44.4903 0.000585437
44.7916 0.000574826
45.095 0.000564406
45.4003 0.000554173
45.7078 0.000544125
46.0173 0.000534257
46.329 0.000524567
46.6427 0.000515052
46.9586 0.000505708
47.2766 0.000496533
47.5967 0.000487523
47.919 0.000478675
48.2435 0.000469987
48.5702 0.000461456
48.8992 0.000453078
49.2303 0.000444852
49.5637 0.000436774
49.8993 0.000428841
50.2373 0.000421052
50.5775 0.000413403
50.92 0.000405893
51.2648 0.000398518
51.612 0.000391276
51.9615 0.000384164
52.3134 0.000377182
52.6676 0.000370325
53.0243 0.000363592
53.3834 0.000356981
53.7449 0.000350489
54.1088 0.000344115
54.4753 0.000337855
54.8442 0.000331709
55.2156 0.000325674
55.5895 0.000319748
55.9659 0.000313929
56.3449 0.000308216
56.7265 0.000302606
57.1107 0.000297097
57.4974 0.000291688
57.8868 0.000286377
58.2788 0.000281162
58.6734 0.000276041
59.0708 0.000271013
59.4708 0.000266076
59.8735 0.000261228
60.279 0.000256468
60.6872 0.000251795
61.0982 0.000247206
61.5119 0.0002427
61.9285 0.000238275
62.3479 0.000233931
62.7701 0.000229666
63.1952 0.000225478
63.6231 0.000221366
64.054 0.000217328
64.4878 0.000213364
64.9245 0.000209471
65.3641 0.000205649
65.8068 0.000201896
66.2524 0.000198212
66.7011 0.000194594
67.1528 0.000191042
67.6075 0.000187554
68.0654 0.00018413
68.5263 0.000180768
68.9904 0.000177467
69.4576 0.000174226
69.9279 0.000171043
70.4015 0.000167919
70.8782 0.000164851
71.3582 0.000161839
71.8415 0.000158881
72.328 0.000155978
72.8178 0.000153127
73.3109 0.000150328
73.8074 0.000147579
74.3072 0.000144881
74.8104 0.000142232
75.317 0.000139631
75.827 0.000137077
76.3405 0.00013457
76.8575 0.000132108
77.378 0.000129691
77.902 0.000127318
78.4296 0.000124988
78.9607 0.000122701
79.4954 0.000120455
80.0337 0.00011825
80.5757 0.000116086
81.1214 0.00011396
81.6707 0.000111874
82.2238 0.000109825
82.7806 0.000107814
83.3412 0.000105839
83.9056 0.0001039
84.4738 0.000101997
85.0459 0.000100128
85.6218 9.82931e-05
86.2016 9.64918e-05
86.7854 9.47234e-05
87.3731 9.29872e-05
87.9648 9.12826e-05
88.5605 8.96091e-05
89.1602 8.79662e-05
89.764 8.63532e-05
90.3719 8.47696e-05
90.9839 8.32149e-05
91.6 8.16885e-05
92.2203 8.019e-05
92.8448 7.87189e-05
93.4736 7.72746e-05
94.1066 7.58566e-05
94.7439 7.44645e-05
95.3855 7.30979e-05
96.0314 7.17562e-05
96.6817 7.0439e-05
97.3365 6.91458e-05
97.9956 6.78762e-05
98.6592 6.66299e-05
99.3274 6.54063e-05
100 6.42051e-05
