5 0.0545984
6 0.0482229
7 0.0431985
8 0.0390768
9 0.0356216
10 0.0326768
11 0.0301324
12 0.0279107
13 0.0259536
14 0.0242163
15 0.022664
16 0.0212688
17 0.0200082
18 0.018864
19 0.017821
20 0.0168666
21 0.0159904
22 0.0151833
23 0.0144377
24 0.0137471
25 0.0131058
26 0.0125091
27 0.0119525
28 0.0114324
29 0.0109455
30 0.0104889
31 0.0100599
32 0.00965646
33 0.00927635
34 0.00891773
35 0.00857895
36 0.00825858
37 0.00795529
38 0.00766786
39 0.00739513
40 0.00713606
41 0.00688974
42 0.00665536
43 0.00643216
44 0.00621946
45 0.00601661
46 0.00582298
47 0.00563801
48 0.00546115
49 0.00529193
50 0.00512991
51 0.00497469
52 0.00482591
53 0.00468324
54 0.00454634
55 0.00441493
56 0.0042887
57 0.0041674
58 0.00405076
59 0.00393854
60 0.00383052
61 0.00372648
62 0.00362623
63 0.00352959
64 0.0034364
65 0.00334648
66 0.00325971
67 0.00317594
68 0.00309505
69 0.00301692
70 0.00294144
71 0.0028685
72 0.002798
73 0.00272987
74 0.002664
75 0.00260032
76 0.00253875
77 0.00247923
78 0.0024217
79 0.00236609
80 0.00231236
81 0.00226047
82 0.00221037
83 0.00216203
84 0.00211543
85 0.00207053
86 0.00202733
87 0.0019858
88 0.00194593
89 0.00190769
90 0.00187106
91 0.001836
92 0.00180245
93 0.00177034
94 0.00173956
95 0.00170995
96 0.00168134
97 0.00165348
98 0.00162607
99 0.00159879
100 0.00157125
101 0.00154306
102 0.00151382
103 0.00148315
104 0.00145074
105 0.00141637
106 0.00137993
107 0.00134145
108 0.00130109
109 0.00125923
110 0.00121632
111 0.00117294
112 0.00112971
113 0.00108723
114 0.00104607
115 0.00100673
116 0.000969605
117 0.000934987
118 0.000903076
119 0.000873931
120 0.000847555
121 0.000823844
122 0.00080266
123 0.000783808
124 0.000767075
125 0.000752236
126 0.000739063
127 0.000727338
128 0.000716856
129 0.000707423
130 0.000698873
131 0.000691049
132 0.00068382
133 0.00067707
134 0.0006707
135 0.000664625
136 0.000658773
137 0.000653085
138 0.000647512
139 0.000642014
140 0.000636559
141 0.00063112
142 0.00062568
143 0.000620221
144 0.000614732
145 0.000609207
146 0.00060364
147 0.000598029
148 0.000592372
149 0.000586671
150 0.000580928
151 0.000575145
152 0.000569326
153 0.000563477
154 0.0005576
155 0.000551702
156 0.000545788
157 0.000539862
158 0.000533931
159 0.000527998
160 0.00052207
161 0.00051615
162 0.000510245
163 0.000504358
164 0.000498493
165 0.000492655
166 0.000486847
167 0.000481073
168 0.000475336
169 0.000469639
170 0.000463986
171 0.000458378
172 0.000452818
173 0.000447309
174 0.000441851
175 0.000436447
176 0.000431098
177 0.000425806
178 0.000420571
179 0.000415396
180 0.000410279
181 0.000405223
182 0.000400227
183 0.000395292
184 0.000390418
185 0.000385606
186 0.000380855
187 0.000376165
188 0.000371536
189 0.000366967
190 0.000362458
191 0.000358009
192 0.000353619
193 0.000349287
194 0.000345012
195 0.000340794
196 0.000336632
197 0.000332524
198 0.000328471
199 0.00032447
200 0.000320521
201 0.000316623
202 0.000312775
203 0.000308977
204 0.000305228
205 0.000301528
206 0.000297875
207 0.000294268
208 0.000290706
209 0.00028719
210 0.000283723
211 0.00028031
212 0.00027695
213 0.000273638
214 0.000270362
215 0.000267112
