0.0001 83.3995
0.000100677 83.947
0.000101359 84.4981
0.000102045 85.0528
0.000102736 85.6112
0.000103432 86.1732
0.000104133 86.7389
0.000104838 87.3083
0.000105548 87.8814
0.000106263 88.4583
0.000106982 89.039
0.000107707 89.6235
0.000108436 90.2118
0.00010917 90.804
0.00010991 91.4
0.000110654 92
0.000111403 92.6039
0.000112158 93.2117
0.000112917 93.8236
0.000113682 94.4394
0.000114452 95.0593
0.000115227 95.6833
0.000116007 96.3113
0.000116793 96.9435
0.000117584 97.5798
0.00011838 98.2202
0.000119182 98.8649
0.000119989 99.5138
0.000120801 100.167
0.000121619 100.824
0.000122443 101.486
0.000123272 102.152
0.000124107 102.823
0.000124947 103.497
0.000125793 104.177
0.000126645 104.86
0.000127503 105.549
0.000128366 106.241
0.000129236 106.939
0.000130111 107.64
0.000130992 108.347
0.000131879 109.058
0.000132772 109.773
0.000133671 110.494
0.000134576 111.219
0.000135488 111.949
0.000136405 112.683
0.000137329 113.423
0.000138259 114.167
0.000139195 114.916
0.000140138 115.67
0.000141087 116.429
0.000142042 117.193
0.000143004 117.962
0.000143973 118.736
0.000144948 119.515
0.000145929 120.3
0.000146918 121.089
0.000147913 121.883
0.000148914 122.683
0.000149923 123.488
0.000150938 124.298
0.00015196 125.114
0.000152989 125.934
0.000154025 126.761
0.000155068 127.592
0.000156118 128.429
0.000157176 129.272
0.00015824 130.12
0.000159312 130.973
0.00016039 131.833
0.000161477 132.697
0.00016257 133.568
0.000163671 134.444
0.000164779 135.326
0.000165895 136.214
0.000167019 137.107
0.00016815 138.006
0.000169288 138.912
0.000170435 139.823
0.000171589 140.74
0.000172751 141.663
0.000173921 142.592
0.000175099 143.527
0.000176284 144.468
0.000177478 145.416
0.00017868 146.369
0.00017989 147.329
0.000181108 148.296
0.000182335 149.268
0.00018357 150.247
0.000184813 151.232
0.000186064 152.224
0.000187324 153.222
0.000188593 154.227
0.00018987 155.238
0.000191156 156.256
0.00019245 157.28
0.000193754 158.311
0.000195066 159.349
0.000196387 160.394
0.000197717 161.445
0.000199055 162.504
0.000200403 163.569
0.000201761 164.641
0.000203127 165.721
0.000204502 166.807
0.000205887 167.9
0.000207282 169.001
0.000208685 170.109
0.000210099 171.224
0.000211521 172.346
0.000212954 173.475
0.000214396 174.612
0.000215848 175.757
0.000217309 176.908
0.000218781 178.068
0.000220263 179.235
0.000221754 180.409
0.000223256 181.591
0.000224768 182.781
0.00022629 183.979
0.000227822 185.184
0.000229365 186.398
0.000230918 187.619
0.000232482 188.848
0.000234057 190.085
0.000235642 191.33
0.000237237 192.584
0.000238844 193.845
0.000240461 195.115
0.00024209 196.393
0.000243729 197.68
0.00024538 198.974
0.000247041 200.277
0.000248714 201.589
0.000250399 202.909
0.000252094 204.238
0.000253802 205.576
0.00025552 206.922
0.000257251 208.277
0.000258993 209.64
0.000260747 211.013
0.000262512 212.394
0.00026429 213.785
0.00026608 215.185
0.000267882 216.593
0.000269696 218.011
0.000271522 219.438
0.000273361 220.874
0.000275212 222.32
0.000277076 223.775
0.000278952 225.24
0.000280841 226.714
0.000282743 228.197
0.000284658 229.691
0.000286586 231.194
0.000288526 232.706
0.00029048 234.229
0.000292447 235.761
0.000294428 237.304
0.000296422 238.856
0.000298429 240.419
0.00030045 241.991
0.000302485 243.574
0.000304533 245.167
0.000306595 246.771
0.000308672 248.384
0.000310762 250.009
0.000312866 251.643
0.000314985 253.289
0.000317118 254.945
0.000319266 256.612
0.000321428 258.289
0.000323605 259.978
0.000325796 261.677
0.000328002 263.388
0.000330224 265.109
0.00033246 266.842
0.000334711 268.586
0.000336978 270.341
0.00033926 272.107
0.000341557 273.885
0.00034387 275.675
0.000346199 277.476
0.000348543 279.288
0.000350904 281.112
0.00035328 282.949
0.000355673 284.797
0.000358081 286.657
0.000360506 288.528
0.000362947 290.413
0.000365405 292.309
0.00036788 294.217
0.000370371 296.138
0.000372879 298.071
0.000375404 300.017
0.000377947 301.975
0.000380506 303.946
0.000383083 305.929
0.000385677 307.925
0.000388289 309.935
0.000390918 311.957
0.000393566 313.992
0.000396231 316.04
0.000398914 318.101
0.000401615 320.176
0.000404335 322.264
0.000407073 324.365
0.00040983 326.48
0.000412605 328.609
0.0004154 330.751
0.000418213 332.907
0.000421045 335.077
0.000423896 337.261
0.000426767 339.458
0.000429657 341.67
0.000432566 343.896
0.000435496 346.137
0.000438445 348.392
0.000441414 350.661
0.000444403 352.944
0.000447413 355.243
0.000450443 357.556
0.000453493 359.884
0.000456564 362.227
0.000459656 364.584
0.000462769 366.957
0.000465903 369.345
0.000469058 371.749
0.000472234 374.167
0.000475432 376.602
0.000478652 379.051
0.000481893 381.517
0.000485156 383.998
0.000488442 386.494
0.00049175 389.007
0.00049508 391.536
0.000498432 394.081
0.000501808 396.642
0.000505206 399.22
0.000508627 401.814
0.000512072 404.424
0.000515539 407.051
0.000519031 409.695
0.000522545 412.355
0.000526084 415.033
0.000529647 417.727
0.000533234 420.439
0.000536845 423.168
0.00054048 425.914
0.00054414 428.677
0.000547825 431.458
0.000551535 434.257
0.00055527 437.073
0.00055903 439.907
0.000562816 442.759
0.000566627 445.63
0.000570465 448.518
0.000574328 451.425
0.000578217 454.349
0.000582133 457.293
0.000586075 460.255
0.000590044 463.236
0.00059404 466.235
0.000598062 469.253
0.000602112 472.291
0.00060619 475.347
0.000610295 478.423
0.000614428 481.518
0.000618589 484.633
0.000622778 487.767
0.000626995 490.921
0.000631241 494.094
0.000635516 497.288
0.00063982 500.501
0.000644153 503.735
0.000648515 506.989
0.000652907 510.263
0.000657328 513.558
0.000661779 516.873
0.000666261 520.209
0.000670773 523.566
0.000675315 526.944
0.000679889 530.343
0.000684493 533.763
0.000689128 537.205
0.000693795 540.668
0.000698493 544.152
0.000703223 547.658
0.000707986 551.186
0.00071278 554.736
0.000717607 558.308
0.000722467 561.902
0.000727359 565.518
0.000732285 569.157
0.000737244 572.818
0.000742236 576.502
0.000747263 580.209
0.000752323 583.938
0.000757418 587.691
0.000762547 591.467
0.000767711 595.266
0.00077291 599.088
0.000778144 602.934
0.000783414 606.804
0.000788719 610.697
0.00079406 614.615
0.000799438 618.556
0.000804851 622.521
0.000810302 626.511
0.000815789 630.526
0.000821314 634.564
0.000826876 638.628
0.000832475 642.716
0.000838113 646.83
0.000843788 650.968
0.000849502 655.132
0.000855255 659.321
0.000861047 663.535
0.000866878 667.775
0.000872748 672.041
0.000878659 676.333
0.000884609 680.65
0.0008906 684.994
0.000896631 689.364
0.000902703 693.761
0.000908816 698.184
0.00091497 702.634
0.000921166 707.11
0.000927404 711.614
0.000933685 716.145
0.000940008 720.702
0.000946373 725.288
0.000952782 729.9
0.000959234 734.541
0.00096573 739.209
0.00097227 743.905
0.000978854 748.629
0.000985483 753.382
0.000992157 758.162
0.000998876 762.971
0.00100564 767.809
0.00101245 772.675
0.00101931 777.571
0.00102621 782.495
0.00103316 787.449
0.00104016 792.431
0.0010472 797.444
0.00105429 802.486
0.00106143 807.557
0.00106862 812.658
0.00107586 817.79
0.00108314 822.951
0.00109048 828.143
0.00109786 833.365
0.0011053 838.618
0.00111278 843.901
0.00112032 849.216
0.0011279 854.561
0.00113554 859.937
0.00114323 865.345
0.00115097 870.784
0.00115877 876.254
0.00116661 881.756
0.00117451 887.29
0.00118247 892.856
0.00119048 898.454
0.00119854 904.084
0.00120665 909.747
0.00121483 915.442
0.00122305 921.17
0.00123133 926.93
0.00123967 932.723
0.00124807 938.55
0.00125652 944.409
0.00126503 950.302
0.0012736 956.228
0.00128222 962.188
0.0012909 968.182
0.00129965 974.21
0.00130845 980.271
0.00131731 986.367
0.00132623 992.497
0.00133521 998.661
0.00134425 1004.86
0.00135336 1011.09
0.00136252 1017.36
0.00137175 1023.67
0.00138104 1030
0.00139039 1036.38
0.0013998 1042.79
0.00140928 1049.23
0.00141883 1055.71
0.00142844 1062.23
0.00143811 1068.78
0.00144785 1075.37
0.00145765 1081.99
0.00146752 1088.65
0.00147746 1095.34
0.00148747 1102.08
0.00149754 1108.85
0.00150768 1115.65
0.00151789 1122.5
0.00152817 1129.38
0.00153852 1136.29
0.00154894 1143.25
0.00155943 1150.24
0.00156999 1157.27
0.00158062 1164.33
0.00159132 1171.44
0.0016021 1178.58
0.00161295 1185.76
0.00162387 1192.98
0.00163487 1200.23
0.00164594 1207.53
0.00165709 1214.86
0.00166831 1222.23
0.00167961 1229.64
0.00169098 1237.09
0.00170243 1244.58
0.00171396 1252.11
0.00172557 1259.67
0.00173725 1267.28
0.00174902 1274.92
0.00176086 1282.6
0.00177279 1290.33
0.00178479 1298.09
0.00179688 1305.89
0.00180905 1313.73
0.0018213 1321.61
0.00183363 1329.53
0.00184605 1337.49
0.00185855 1345.49
0.00187114 1353.54
0.00188381 1361.62
0.00189657 1369.74
0.00190941 1377.9
0.00192234 1386.1
0.00193536 1394.35
0.00194846 1402.63
0.00196166 1410.96
0.00197494 1419.32
0.00198832 1427.73
0.00200178 1436.17
0.00201534 1444.66
0.00202899 1453.19
0.00204273 1461.76
0.00205656 1470.37
0.00207049 1479.03
0.00208451 1487.72
0.00209862 1496.45
0.00211284 1505.23
0.00212714 1514.05
0.00214155 1522.91
0.00215605 1531.81
0.00217065 1540.75
0.00218535 1549.74
0.00220015 1558.76
0.00221505 1567.83
0.00223005 1576.94
0.00224515 1586.09
0.00226036 1595.28
0.00227566 1604.52
0.00229107 1613.8
0.00230659 1623.11
0.00232221 1632.47
0.00233794 1641.88
0.00235377 1651.32
0.00236971 1660.81
0.00238575 1670.33
0.00240191 1679.9
0.00241818 1689.52
0.00243455 1699.17
0.00245104 1708.86
0.00246764 1718.6
0.00248435 1728.38
0.00250117 1738.2
0.00251811 1748.06
0.00253516 1757.97
0.00255233 1767.91
0.00256962 1777.9
0.00258702 1787.93
0.00260454 1798
0.00262217 1808.12
0.00263993 1818.27
0.00265781 1828.47
0.00267581 1838.71
0.00269393 1848.98
0.00271217 1859.3
0.00273054 1869.67
0.00274903 1880.07
0.00276765 1890.51
0.00278639 1901
0.00280526 1911.52
0.00282425 1922.09
0.00284338 1932.7
0.00286264 1943.35
0.00288202 1954.04
0.00290154 1964.77
0.00292119 1975.54
0.00294097 1986.35
0.00296089 1997.2
0.00298094 2008.09
0.00300112 2019.02
0.00302145 2029.99
0.00304191 2041
0.00306251 2052.05
0.00308325 2063.14
0.00310413 2074.27
0.00312515 2085.44
0.00314631 2096.65
0.00316762 2107.89
0.00318907 2119.18
0.00321067 2130.5
0.00323241 2141.86
0.0032543 2153.26
0.00327634 2164.7
0.00329852 2176.17
0.00332086 2187.69
0.00334335 2199.24
0.00336599 2210.83
0.00338878 2222.45
0.00341173 2234.11
0.00343484 2245.81
0.0034581 2257.55
0.00348152 2269.32
0.00350509 2281.12
0.00352883 2292.96
0.00355273 2304.84
0.00357679 2316.75
0.00360101 2328.7
0.00362539 2340.68
0.00364994 2352.7
0.00367466 2364.75
0.00369955 2376.83
0.0037246 2388.95
0.00374982 2401.1
0.00377522 2413.29
0.00380078 2425.5
0.00382652 2437.75
0.00385243 2450.03
0.00387852 2462.34
0.00390479 2474.69
0.00393123 2487.06
0.00395785 2499.47
0.00398466 2511.9
0.00401164 2524.37
0.00403881 2536.86
0.00406616 2549.38
0.00409369 2561.94
0.00412142 2574.52
0.00414933 2587.13
0.00417742 2599.76
0.00420571 2612.43
0.0042342 2625.12
0.00426287 2637.83
0.00429174 2650.58
0.0043208 2663.34
0.00435006 2676.14
0.00437952 2688.96
0.00440918 2701.8
0.00443904 2714.66
0.0044691 2727.55
0.00449936 2740.47
0.00452983 2753.4
0.00456051 2766.36
0.00459139 2779.33
0.00462248 2792.33
0.00465379 2805.35
0.0046853 2818.39
0.00471703 2831.45
0.00474898 2844.52
0.00478114 2857.62
0.00481351 2870.73
0.00484611 2883.86
0.00487893 2897.01
0.00491197 2910.17
0.00494523 2923.35
0.00497872 2936.54
0.00501244 2949.74
0.00504638 2962.96
0.00508055 2976.2
0.00511496 2989.44
0.0051496 3002.7
0.00518447 3015.97
0.00521958 3029.24
0.00525493 3042.53
0.00529051 3055.83
0.00532634 3069.14
0.00536241 3082.45
0.00539872 3095.77
0.00543528 3109.1
0.00547209 3122.43
0.00550915 3135.77
0.00554646 3149.11
0.00558402 3162.46
0.00562183 3175.8
0.0056599 3189.15
0.00569823 3202.51
0.00573682 3215.86
0.00577567 3229.21
0.00581478 3242.56
0.00585416 3255.91
0.0058938 3269.26
0.00593372 3282.6
0.0059739 3295.94
0.00601435 3309.27
0.00605508 3322.6
0.00609609 3335.92
0.00613737 3349.24
0.00617893 3362.54
0.00622078 3375.84
0.0062629 3389.13
0.00630532 3402.4
0.00634802 3415.66
0.006391 3428.91
0.00643428 3442.15
0.00647786 3455.37
0.00652172 3468.58
0.00656589 3481.76
0.00661035 3494.94
0.00665512 3508.09
0.00670019 3521.22
0.00674556 3534.33
0.00679124 3547.43
0.00683723 3560.49
0.00688353 3573.54
0.00693015 3586.56
0.00697708 3599.55
0.00702433 3612.52
0.0070719 3625.46
0.00711979 3638.37
0.007168 3651.25
0.00721654 3664.1
0.00726541 3676.92
0.00731462 3689.71
0.00736415 3702.46
0.00741402 3715.17
0.00746423 3727.85
0.00751477 3740.49
0.00756566 3753.09
0.0076169 3765.65
0.00766848 3778.17
0.00772041 3790.64
0.00777269 3803.08
0.00782533 3815.46
0.00787832 3827.8
0.00793168 3840.1
0.00798539 3852.34
0.00803947 3864.54
0.00809391 3876.68
0.00814872 3888.77
0.0082039 3900.8
0.00825946 3912.78
0.00831539 3924.7
0.0083717 3936.57
0.0084284 3948.37
0.00848547 3960.11
0.00854294 3971.79
0.00860079 3983.41
0.00865903 3994.96
0.00871767 4006.45
0.00877671 4017.86
0.00883614 4029.21
0.00889598 4040.48
0.00895623 4051.68
0.00901688 4062.81
0.00907794 4073.86
0.00913942 4084.83
0.00920131 4095.73
0.00926362 4106.54
0.00932635 4117.27
0.00938951 4127.92
0.00945309 4138.48
0.00951711 4148.95
0.00958156 4159.34
0.00964645 4169.63
0.00971177 4179.83
0.00977754 4189.94
0.00984375 4199.95
0.00991042 4209.86
0.00997753 4219.67
0.0100451 4229.38
0.0101131 4238.99
0.0101816 4248.49
0.0102506 4257.89
0.01032 4267.17
0.0103899 4276.35
0.0104602 4285.41
0.0105311 4294.36
0.0106024 4303.19
0.0106742 4311.9
0.0107465 4320.49
0.0108192 4328.96
0.0108925 4337.3
0.0109663 4345.52
0.0110405 4353.6
0.0111153 4361.56
0.0111906 4369.38
0.0112663 4377.07
0.0113426 4384.62
0.0114195 4392.03
0.0114968 4399.29
0.0115746 4406.41
0.011653 4413.39
0.0117319 4420.22
0.0118114 4426.89
0.0118914 4433.41
0.0119719 4439.78
0.012053 4445.99
0.0121346 4452.04
0.0122168 4457.92
0.0122995 4463.64
0.0123828 4469.19
0.0124667 4474.57
0.0125511 4479.78
0.0126361 4484.82
0.0127216 4489.68
0.0128078 4494.36
0.0128945 4498.85
0.0129819 4503.16
0.0130698 4507.29
0.0131583 4511.22
0.0132474 4514.97
0.0133371 4518.51
0.0134274 4521.87
0.0135183 4525.02
0.0136099 4527.97
0.013702 4530.72
0.0137948 4533.26
0.0138883 4535.59
0.0139823 4537.71
0.014077 4539.62
0.0141723 4541.31
0.0142683 4542.78
0.0143649 4544.03
0.0144622 4545.06
0.0145601 4545.87
0.0146587 4546.44
0.014758 4546.79
0.014858 4546.91
0.0149586 4546.79
0.0150599 4546.43
0.0151619 4545.84
0.0152645 4545.01
0.0153679 4543.94
0.015472 4542.62
0.0155767 4541.06
0.0156822 4539.25
0.0157884 4537.2
0.0158954 4534.89
0.016003 4532.33
0.0161114 4529.52
0.0162205 4526.46
0.0163303 4523.14
0.0164409 4519.56
0.0165522 4515.73
0.0166643 4511.63
0.0167772 4507.28
0.0168908 4502.67
0.0170052 4497.8
0.0171203 4492.67
0.0172363 4487.28
0.017353 4481.62
0.0174705 4475.7
0.0175888 4469.53
0.0177079 4463.09
0.0178279 4456.39
0.0179486 4449.43
0.0180701 4442.21
0.0181925 4434.73
0.0183157 4426.99
0.0184397 4418.99
0.0185646 4410.74
0.0186903 4402.24
0.0188169 4393.48
0.0189443 4384.46
0.0190726 4375.2
0.0192018 4365.69
0.0193318 4355.93
0.0194627 4345.93
0.0195945 4335.69
0.0197272 4325.21
0.0198608 4314.49
0.0199953 4303.54
0.0201307 4292.35
0.020267 4280.94
0.0204043 4269.31
0.0205425 4257.45
0.0206816 4245.37
0.0208216 4233.08
0.0209626 4220.58
0.0211046 4207.87
0.0212475 4194.96
0.0213914 4181.85
0.0215363 4168.54
0.0216821 4155.04
0.0218289 4141.36
0.0219768 4127.49
0.0221256 4113.44
0.0222754 4099.23
0.0224263 4084.84
0.0225781 4070.29
0.022731 4055.57
0.022885 4040.71
0.02304 4025.69
0.023196 4010.53
0.0233531 3995.22
0.0235112 3979.79
0.0236704 3964.21
0.0238307 3948.52
0.0239921 3932.7
0.0241546 3916.76
0.0243182 3900.72
0.0244828 3884.56
0.0246486 3868.31
0.0248156 3851.95
0.0249836 3835.51
0.0251528 3818.97
0.0253231 3802.35
0.0254946 3785.65
0.0256673 3768.88
0.0258411 3752.03
0.0260161 3735.12
0.0261923 3718.15
0.0263696 3701.12
0.0265482 3684.04
0.026728 3666.9
0.026909 3649.73
0.0270912 3632.5
0.0272747 3615.25
0.0274594 3597.95
0.0276453 3580.63
0.0278326 3563.27
0.028021 3545.9
0.0282108 3528.5
0.0284018 3511.08
0.0285942 3493.65
0.0287878 3476.21
0.0289828 3458.76
0.029179 3441.3
0.0293766 3423.84
0.0295756 3406.38
0.0297759 3388.92
0.0299775 3371.46
0.0301805 3354.01
0.0303849 3336.57
0.0305906 3319.14
0.0307978 3301.72
0.0310064 3284.31
0.0312163 3266.92
0.0314277 3249.55
0.0316406 3232.2
0.0318548 3214.87
0.0320706 3197.56
0.0322877 3180.27
0.0325064 3163.01
0.0327265 3145.77
0.0329481 3128.56
0.0331713 3111.38
0.0333959 3094.23
0.0336221 3077.11
0.0338497 3060.03
0.034079 3042.97
0.0343098 3025.95
0.0345421 3008.96
0.034776 2992
0.0350115 2975.08
0.0352486 2958.2
0.0354873 2941.35
0.0357276 2924.54
0.0359696 2907.76
0.0362132 2891.03
0.0364584 2874.33
0.0367053 2857.67
0.0369539 2841.05
0.0372041 2824.46
0.0374561 2807.92
0.0377097 2791.42
0.0379651 2774.95
0.0382222 2758.53
0.038481 2742.14
0.0387416 2725.8
0.039004 2709.5
0.0392681 2693.24
0.039534 2677.02
0.0398018 2660.84
0.0400713 2644.7
0.0403427 2628.6
0.0406159 2612.54
0.0408909 2596.53
0.0411678 2580.56
0.0414466 2564.62
0.0417273 2548.73
0.0420099 2532.89
0.0422944 2517.08
0.0425808 2501.32
0.0428691 2485.59
0.0431594 2469.91
0.0434517 2454.27
0.043746 2438.68
0.0440422 2423.12
0.0443405 2407.61
0.0446407 2392.14
0.044943 2376.72
0.0452474 2361.33
0.0455538 2345.99
0.0458623 2330.69
0.0461729 2315.44
0.0464856 2300.22
0.0468004 2285.05
0.0471173 2269.93
0.0474364 2254.85
0.0477576 2239.81
0.048081 2224.81
0.0484066 2209.86
0.0487344 2194.95
0.0490645 2180.09
0.0493967 2165.27
0.0497312 2150.49
0.050068 2135.76
0.0504071 2121.07
0.0507484 2106.43
0.0510921 2091.84
0.0514381 2077.29
0.0517864 2062.78
0.0521371 2048.32
0.0524902 2033.91
0.0528457 2019.54
0.0532035 2005.22
0.0535638 1990.95
0.0539266 1976.72
0.0542917 1962.54
0.0546594 1948.4
0.0550296 1934.32
0.0554022 1920.28
0.0557774 1906.29
0.0561551 1892.35
0.0565354 1878.45
0.0569183 1864.61
0.0573037 1850.81
0.0576918 1837.07
0.0580825 1823.37
0.0584758 1809.72
0.0588718 1796.13
0.0592705 1782.58
0.0596718 1769.08
0.0600759 1755.64
0.0604828 1742.24
0.0608924 1728.9
0.0613047 1715.61
0.0617199 1702.37
0.0621378 1689.18
0.0625586 1676.05
0.0629823 1662.97
0.0634088 1649.94
0.0638382 1636.96
0.0642705 1624.04
0.0647057 1611.17
0.0651439 1598.36
0.0655851 1585.6
0.0660292 1572.9
0.0664764 1560.25
0.0669265 1547.65
0.0673798 1535.11
0.0678361 1522.63
0.0682955 1510.2
0.0687579 1497.83
0.0692236 1485.51
0.0696924 1473.25
0.0701643 1461.05
0.0706395 1448.91
0.0711178 1436.82
0.0715994 1424.79
0.0720843 1412.82
0.0725725 1400.91
0.0730639 1389.05
0.0735587 1377.25
0.0740568 1365.51
0.0745584 1353.84
0.0750633 1342.22
0.0755716 1330.65
0.0760834 1319.15
0.0765986 1307.71
0.0771173 1296.33
0.0776396 1285.01
0.0781653 1273.74
0.0786947 1262.54
0.0792276 1251.4
0.0797641 1240.32
0.0803043 1229.3
0.0808481 1218.34
0.0813956 1207.44
0.0819468 1196.61
0.0825017 1185.83
0.0830604 1175.12
0.0836229 1164.47
0.0841892 1153.88
0.0847593 1143.35
0.0853333 1132.88
0.0859112 1122.48
0.086493 1112.13
0.0870787 1101.85
0.0876684 1091.64
0.0882621 1081.48
0.0888598 1071.39
0.0894616 1061.35
0.0900674 1051.39
0.0906773 1041.48
0.0912914 1031.64
0.0919096 1021.86
0.092532 1012.14
0.0931587 1002.48
0.0937895 992.888
0.0944247 983.357
0.0950641 973.89
0.0957079 964.484
0.096356 955.142
0.0970085 945.862
0.0976655 936.645
0.0983269 927.49
0.0989927 918.398
0.0996631 909.369
0.100338 900.402
0.101018 891.497
0.101702 882.655
0.10239 873.875
0.103084 865.158
0.103782 856.502
0.104485 847.909
0.105192 839.378
0.105905 830.909
0.106622 822.501
0.107344 814.156
0.108071 805.872
0.108803 797.649
0.109539 789.488
0.110281 781.389
0.111028 773.35
0.11178 765.373
0.112537 757.457
0.113299 749.601
0.114066 741.806
0.114839 734.072
0.115616 726.398
0.116399 718.784
0.117188 711.23
0.117981 703.736
0.11878 696.302
0.119584 688.928
0.120394 681.612
0.12121 674.356
0.12203 667.159
0.122857 660.021
0.123689 652.941
0.124526 645.92
0.12537 638.957
0.126219 632.052
0.127073 625.205
0.127934 618.415
0.1288 611.683
0.129673 605.008
0.130551 598.39
0.131435 591.828
0.132325 585.323
0.133221 578.875
0.134123 572.482
0.135031 566.145
0.135946 559.864
0.136866 553.637
0.137793 547.466
0.138726 541.35
0.139666 535.288
0.140612 529.281
0.141564 523.327
0.142523 517.427
0.143488 511.581
0.144459 505.788
0.145438 500.047
0.146423 494.36
0.147414 488.725
0.148412 483.142
0.149418 477.611
0.150429 472.131
0.151448 466.703
0.152474 461.325
0.153506 455.999
0.154546 450.723
0.155592 445.497
0.156646 440.321
0.157707 435.194
0.158775 430.117
0.15985 425.088
0.160933 420.109
0.162022 415.177
0.16312 410.294
0.164224 405.459
0.165336 400.671
0.166456 395.93
0.167583 391.236
0.168718 386.589
0.169861 381.988
0.171011 377.433
0.172169 372.924
0.173335 368.46
0.174509 364.041
0.175691 359.667
0.17688 355.337
0.178078 351.051
0.179284 346.81
0.180498 342.611
0.181721 338.456
0.182951 334.344
0.18419 330.275
0.185437 326.248
0.186693 322.262
0.187957 318.319
0.18923 314.416
0.190512 310.555
0.191802 306.735
0.193101 302.955
0.194408 299.215
0.195725 295.515
0.19705 291.854
0.198385 288.232
0.199728 284.65
0.201081 281.106
0.202443 277.6
0.203814 274.132
0.205194 270.702
0.206583 267.309
0.207982 263.954
0.209391 260.635
0.210809 257.352
0.212236 254.106
0.213674 250.895
0.215121 247.72
0.216577 244.58
0.218044 241.476
0.219521 238.405
0.221007 235.369
0.222504 232.368
0.224011 229.399
0.225528 226.465
0.227055 223.563
0.228593 220.695
0.230141 217.858
0.231699 215.055
0.233268 212.283
0.234848 209.543
0.236438 206.834
0.238039 204.156
0.239651 201.51
0.241274 198.893
0.242908 196.308
0.244553 193.752
0.246209 191.225
0.247877 188.729
0.249555 186.261
0.251245 183.822
0.252947 181.412
0.25466 179.031
0.256384 176.677
0.25812 174.351
0.259868 172.053
0.261628 169.781
0.2634 167.537
0.265184 165.32
0.266979 163.129
0.268787 160.964
0.270608 158.825
0.27244 156.712
0.274285 154.625
0.276143 152.562
0.278013 150.525
0.279895 148.512
0.281791 146.523
0.283699 144.559
0.28562 142.619
0.287554 140.702
0.289502 138.809
0.291462 136.939
0.293436 135.092
0.295423 133.268
0.297424 131.466
0.299438 129.686
0.301466 127.928
0.303507 126.193
0.305563 124.478
0.307632 122.785
0.309715 121.113
0.311812 119.462
0.313924 117.832
0.31605 116.222
0.31819 114.632
0.320345 113.063
0.322514 111.513
0.324698 109.982
0.326897 108.471
0.329111 106.979
0.33134 105.506
0.333584 104.052
0.335843 102.616
0.338117 101.198
0.340407 99.7986
0.342712 98.417
0.345033 97.0531
0.347369 95.7067
0.349722 94.3776
0.35209 93.0655
0.354474 91.7704
0.356875 90.492
0.359292 89.2301
0.361725 87.9846
0.364174 86.7551
0.36664 85.5417
0.369123 84.344
0.371623 83.162
0.37414 81.9953
0.376673 80.8439
0.379224 79.7075
0.381792 78.586
0.384378 77.4793
0.386981 76.3871
0.389601 75.3092
0.39224 74.2456
0.394896 73.1959
0.39757 72.1602
0.400262 71.1381
0.402973 70.1296
0.405702 69.1345
0.408449 68.1526
0.411215 67.1837
0.414 66.2278
0.416804 65.2846
0.419626 64.354
0.422468 63.4358
0.425329 62.53
0.428209 61.6363
0.431109 60.7545
0.434029 59.8847
0.436968 59.0265
0.439927 58.1799
0.442906 57.3448
0.445905 56.5209
0.448925 55.7081
0.451965 54.9064
0.455026 54.1155
0.458107 53.3354
0.46121 52.5659
0.464333 51.8068
0.467477 51.0581
0.470643 50.3197
0.47383 49.5912
0.477039 48.8728
0.48027 48.1642
0.483522 47.4653
0.486796 46.776
0.490093 46.0961
0.493412 45.4256
0.496753 44.7644
0.500117 44.1122
0.503504 43.4691
0.506914 42.8348
0.510347 42.2093
0.513803 41.5925
0.517282 40.9842
0.520785 40.3844
0.524312 39.7928
0.527862 39.2095
0.531437 38.6344
0.535036 38.0672
0.538659 37.508
0.542307 36.9565
0.54598 36.4128
0.549677 35.8767
0.553399 35.348
0.557147 34.8268
0.56092 34.3129
0.564718 33.8062
0.568543 33.3067
0.572393 32.8142
0.576269 32.3286
0.580172 31.8498
0.5841 31.3779
0.588056 30.9125
0.592038 30.4538
0.596048 30.0016
0.600084 29.5557
0.604148 29.1162
0.608239 28.683
0.612358 28.2559
0.616505 27.8348
0.62068 27.4198
0.624883 27.0106
0.629115 26.6073
0.633375 26.2098
0.637664 25.818
0.641983 25.4317
0.64633 25.051
0.650707 24.6757
0.655114 24.3058
0.65955 23.9412
0.664016 23.5819
0.668513 23.2277
0.67304 22.8786
0.677598 22.5345
0.682187 22.1954
0.686806 21.8612
0.691458 21.5318
0.69614 21.2072
0.700854 20.8873
0.7056 20.572
0.710379 20.2612
0.715189 19.955
0.720033 19.6532
0.724909 19.3558
0.729818 19.0627
0.73476 18.7739
0.739736 18.4893
0.744745 18.2088
0.749789 17.9324
0.754866 17.6601
0.759978 17.3917
0.765125 17.1272
0.770306 16.8666
0.775523 16.6099
0.780775 16.3569
0.786062 16.1076
0.791385 15.8619
0.796744 15.6199
0.80214 15.3814
0.807572 15.1464
0.813041 14.9149
0.818547 14.6867
0.82409 14.462
0.829671 14.2405
0.835289 14.0224
0.840946 13.8074
0.846641 13.5956
0.852374 13.387
0.858146 13.1814
0.863958 12.9789
0.869808 12.7794
0.875699 12.5828
0.881629 12.3892
0.887599 12.1984
0.89361 12.0105
0.899662 11.8254
0.905754 11.643
0.911888 11.4633
0.918063 11.2863
0.92428 11.112
0.930539 10.9402
0.936841 10.7711
0.943185 10.6044
0.949572 10.4402
0.956003 10.2785
0.962477 10.1192
0.968995 9.96235
0.975557 9.8078
0.982163 9.65557
0.988814 9.50562
0.995511 9.35793
1.00225 9.21245
1.00904 9.06917
1.01587 8.92804
1.02275 8.78903
1.02968 8.65212
1.03665 8.51727
1.04367 8.38446
1.05074 8.25365
1.05785 8.12482
1.06502 7.99794
1.07223 7.87297
1.07949 7.7499
1.0868 7.62869
1.09416 7.50931
1.10157 7.39175
1.10903 7.27597
1.11654 7.16194
1.1241 7.04965
1.13172 6.93907
1.13938 6.83016
1.1471 6.72292
1.15486 6.6173
1.16268 6.5133
1.17056 6.41088
1.17848 6.31002
1.18647 6.21071
1.1945 6.1129
1.20259 6.0166
1.21073 5.92176
1.21893 5.82838
1.22719 5.73642
1.2355 5.64588
1.24386 5.55672
1.25229 5.46892
1.26077 5.38248
1.26931 5.29736
1.2779 5.21355
1.28656 5.13102
1.29527 5.04977
1.30404 4.96976
1.31287 4.89099
1.32176 4.81343
1.33071 4.73706
1.33972 4.66187
1.3488 4.58784
1.35793 4.51496
1.36713 4.4432
1.37638 4.37254
1.3857 4.30298
1.39509 4.2345
1.40454 4.16708
1.41405 4.1007
1.42362 4.03534
1.43326 3.97101
1.44297 3.90766
1.45274 3.84531
1.46258 3.78392
1.47248 3.72348
1.48246 3.66398
1.4925 3.60541
1.5026 3.54775
1.51278 3.49099
1.52302 3.43511
1.53334 3.3801
1.54372 3.32595
1.55417 3.27264
1.5647 3.22017
1.5753 3.16851
1.58596 3.11766
1.5967 3.06761
1.60752 3.01834
1.6184 2.96984
1.62936 2.9221
1.6404 2.8751
1.6515 2.82884
1.66269 2.78331
1.67395 2.73849
1.68528 2.69438
1.6967 2.65096
1.70819 2.60822
1.71975 2.56615
1.7314 2.52474
1.74313 2.48399
1.75493 2.44387
1.76681 2.40439
1.77878 2.36553
1.79083 2.32728
1.80295 2.28964
1.81516 2.25259
1.82745 2.21612
1.83983 2.18023
1.85229 2.14491
1.86483 2.11014
1.87746 2.07593
1.89018 2.04225
1.90298 2.00911
1.91586 1.97649
1.92884 1.9444
1.9419 1.9128
1.95505 1.88172
1.96829 1.85112
1.98162 1.82101
1.99504 1.79138
2.00855 1.76221
2.02215 1.73352
2.03584 1.70527
2.04963 1.67748
2.06351 1.65013
2.07748 1.62322
2.09155 1.59673
2.10572 1.57067
2.11998 1.54502
2.13433 1.51978
2.14879 1.49494
2.16334 1.4705
2.17799 1.44645
2.19274 1.42279
2.20759 1.3995
2.22254 1.37659
2.23759 1.35404
2.25274 1.33185
2.268 1.31002
2.28336 1.28854
2.29882 1.2674
2.31439 1.24661
2.33006 1.22614
2.34584 1.20601
2.36172 1.18619
2.37772 1.1667
2.39382 1.14752
2.41003 1.12865
2.42635 1.11008
2.44278 1.09181
2.45932 1.07383
2.47598 1.05614
2.49275 1.03874
2.50963 1.02162
2.52662 1.00478
2.54373 0.988205
2.56096 0.971899
2.5783 0.955857
2.59576 0.940074
2.61334 0.924546
2.63104 0.909269
2.64885 0.89424
2.66679 0.879453
2.68485 0.864906
2.70303 0.850594
2.72134 0.836514
2.73977 0.822663
2.75832 0.809036
2.777 0.79563
2.79581 0.782441
2.81474 0.769467
2.8338 0.756703
2.85299 0.744147
2.87231 0.731795
2.89176 0.719644
2.91135 0.70769
2.93106 0.695931
2.95091 0.684364
2.97089 0.672984
2.99101 0.66179
3.01127 0.650779
3.03166 0.639947
3.05219 0.629292
3.07286 0.618811
3.09367 0.608501
3.11462 0.598359
3.13571 0.588383
3.15695 0.57857
3.17833 0.568917
3.19985 0.559422
3.22152 0.550083
3.24333 0.540897
3.2653 0.531861
3.28741 0.522973
3.30967 0.51423
3.33209 0.505631
3.35465 0.497173
3.37737 0.488854
3.40024 0.480671
3.42327 0.472623
3.44645 0.464707
3.46979 0.456921
3.49328 0.449263
3.51694 0.441731
3.54076 0.434323
3.56474 0.427036
3.58888 0.41987
3.61318 0.412822
3.63765 0.40589
3.66228 0.399072
3.68708 0.392366
3.71205 0.385771
3.73719 0.379285
3.7625 0.372906
3.78798 0.366632
3.81363 0.360462
3.83946 0.354394
3.86546 0.348426
3.89163 0.342557
3.91799 0.336785
3.94452 0.331108
3.97123 0.325525
3.99813 0.320035
4.0252 0.314636
4.05246 0.309326
4.0799 0.304105
4.10753 0.298969
4.13535 0.293919
4.16335 0.288953
4.19155 0.284069
4.21993 0.279267
4.24851 0.274544
4.27728 0.2699
4.30624 0.265332
4.33541 0.260841
4.36477 0.256425
4.39432 0.252082
4.42408 0.247811
4.45404 0.243611
4.4842 0.239482
4.51457 0.235421
4.54514 0.231428
4.57592 0.227501
4.60691 0.22364
4.63811 0.219843
4.66952 0.21611
4.70114 0.212439
4.73298 0.208829
4.76503 0.20528
4.7973 0.20179
4.82978 0.198359
4.86249 0.194984
4.89542 0.191666
4.92857 0.188404
4.96195 0.185197
4.99555 0.182043
5.02938 0.178942
5.06344 0.175892
5.09773 0.172894
5.13225 0.169947
5.16701 0.167048
5.202 0.164199
5.23722 0.161397
5.27269 0.158642
5.3084 0.155934
5.34434 0.153271
5.38054 0.150652
5.41697 0.148078
5.45366 0.145547
5.49059 0.143059
5.52777 0.140613
5.56521 0.138207
5.60289 0.135842
5.64084 0.133517
5.67904 0.131232
5.71749 0.128984
5.75621 0.126775
5.79519 0.124603
5.83444 0.122468
5.87395 0.120368
5.91373 0.118304
5.95377 0.116275
5.99409 0.11428
6.03469 0.112319
6.07555 0.110391
6.1167 0.108496
6.15812 0.106632
6.19982 0.104801
6.24181 0.103
6.28407 0.101229
6.32663 0.0994892
6.36947 0.0977783
6.41261 0.0960964
6.45603 0.094443
6.49975 0.0928177
6.54377 0.0912199
6.58808 0.0896492
6.6327 0.0881052
6.67762 0.0865874
6.72284 0.0850953
6.76836 0.0836286
6.8142 0.0821868
6.86034 0.0807695
6.9068 0.0793763
6.95357 0.0780068
7.00066 0.0766606
7.04807 0.0753373
7.0958 0.0740365
7.14385 0.0727578
7.19223 0.071501
7.24094 0.0702655
7.28997 0.0690511
7.33934 0.0678574
7.38904 0.066684
7.43908 0.0655306
7.48946 0.0643969
7.54018 0.0632826
7.59124 0.0621872
7.64265 0.0611106
7.6944 0.0600524
7.74651 0.0590122
7.79897 0.0579898
7.85178 0.0569849
7.90495 0.0559971
7.95849 0.0550263
8.01238 0.054072
8.06664 0.0531341
8.12127 0.0522122
8.17626 0.0513061
8.23163 0.0504155
8.28738 0.0495402
8.3435 0.0486799
8.4 0.0478343
8.45689 0.0470032
8.51416 0.0461864
8.57182 0.0453836
8.62986 0.0445945
8.6883 0.043819
8.74714 0.0430568
8.80638 0.0423077
8.86601 0.0415714
8.92605 0.0408478
8.9865 0.0401367
9.04736 0.0394377
9.10863 0.0387508
9.17031 0.0380757
9.23241 0.0374122
9.29493 0.0367601
9.35788 0.0361192
9.42125 0.0354894
9.48505 0.0348704
9.54928 0.0342621
9.61395 0.0336642
9.67905 0.0330767
9.7446 0.0324993
9.81059 0.0319318
9.87703 0.0313741
9.94391 0.0308261
10.0113 0.0302875
10.0791 0.0297582
10.1473 0.029238
10.216 0.0287268
10.2852 0.0282245
10.3549 0.0277308
10.425 0.0272456
10.4956 0.0267689
10.5667 0.0263004
10.6382 0.0258399
10.7103 0.0253875
10.7828 0.0249429
10.8558 0.0245059
10.9293 0.0240766
11.0033 0.0236546
11.0778 0.02324
11.1529 0.0228326
11.2284 0.0224322
11.3044 0.0220387
11.381 0.0216521
11.4581 0.0212722
11.5356 0.0208989
11.6138 0.020532
11.6924 0.0201715
11.7716 0.0198173
11.8513 0.0194692
11.9316 0.0191272
12.0124 0.0187911
12.0937 0.0184608
12.1756 0.0181363
12.2581 0.0178174
12.3411 0.0175041
12.4247 0.0171962
12.5088 0.0168937
12.5935 0.0165964
12.6788 0.0163043
12.7646 0.0160173
12.8511 0.0157353
12.9381 0.0154582
13.0257 0.0151859
13.1139 0.0149183
13.2027 0.0146555
13.2922 0.0143972
13.3822 0.0141434
13.4728 0.013894
13.564 0.013649
13.6559 0.0134082
13.7484 0.0131717
13.8415 0.0129393
13.9352 0.0127109
14.0296 0.0124866
14.1246 0.0122661
14.2202 0.0120495
14.3165 0.0118367
14.4135 0.0116276
14.5111 0.0114222
14.6094 0.0112203
14.7083 0.011022
14.8079 0.0108271
14.9082 0.0106357
15.0091 0.0104476
15.1108 0.0102628
15.2131 0.0100812
15.3161 0.00990283
15.4198 0.00972756
15.5243 0.00955537
15.6294 0.00938619
15.7352 0.00921998
15.8418 0.00905668
15.9491 0.00889624
16.0571 0.00873862
16.1658 0.00858376
16.2753 0.00843162
16.3855 0.00828215
16.4965 0.0081353
16.6082 0.00799103
16.7207 0.00784929
16.8339 0.00771004
16.9479 0.00757324
17.0627 0.00743884
17.1782 0.0073068
17.2945 0.00717708
17.4117 0.00704964
17.5296 0.00692445
17.6483 0.00680145
17.7678 0.00668062
17.8881 0.00656191
18.0093 0.0064453
18.1312 0.00633073
18.254 0.00621818
18.3776 0.00610762
18.5021 0.005999
18.6274 0.00589229
18.7535 0.00578747
18.8805 0.00568449
19.0084 0.00558333
19.1371 0.00548395
19.2667 0.00538632
19.3972 0.00529041
19.5285 0.0051962
19.6608 0.00510364
19.7939 0.00501272
19.928 0.00492341
20.0629 0.00483567
20.1988 0.00474948
20.3356 0.00466481
20.4733 0.00458164
20.6119 0.00449994
20.7515 0.00441968
20.892 0.00434084
21.0335 0.00426339
21.1759 0.00418732
21.3193 0.00411258
21.4637 0.00403917
21.6091 0.00396706
21.7554 0.00389623
21.9027 0.00382664
22.0511 0.00375829
22.2004 0.00369115
22.3507 0.0036252
22.5021 0.00356041
22.6545 0.00349678
22.8079 0.00343427
22.9623 0.00337287
23.1178 0.00331255
23.2744 0.00325331
23.432 0.00319511
23.5907 0.00313795
23.7504 0.0030818
23.9113 0.00302665
24.0732 0.00297248
24.2362 0.00291926
24.4004 0.00286699
24.5656 0.00281565
24.732 0.00276523
24.8994 0.00271569
25.0681 0.00266704
25.2378 0.00261925
25.4087 0.00257231
25.5808 0.0025262
25.754 0.00248091
25.9284 0.00243643
26.104 0.00239274
26.2808 0.00234983
26.4588 0.00230768
26.6379 0.00226628
26.8183 0.00222561
27 0.00218567
27.1828 0.00214644
27.3669 0.00210791
27.5522 0.00207006
27.7388 0.00203289
27.9266 0.00199638
28.1158 0.00196052
28.3061 0.0019253
28.4978 0.00189071
28.6908 0.00185673
28.8851 0.00182336
29.0807 0.00179059
29.2777 0.0017584
29.4759 0.00172678
29.6755 0.00169572
29.8765 0.00166523
30.0788 0.00163527
30.2825 0.00160585
30.4876 0.00157695
30.6941 0.00154858
30.9019 0.0015207
31.1112 0.00149333
31.3219 0.00146644
31.534 0.00144004
31.7475 0.0014141
31.9625 0.00138863
32.179 0.00136362
32.3969 0.00133905
32.6163 0.00131492
32.8371 0.00129122
33.0595 0.00126795
33.2834 0.00124509
33.5088 0.00122264
33.7357 0.00120059
33.9642 0.00117894
34.1942 0.00115768
34.4257 0.00113679
34.6589 0.00111628
34.8936 0.00109614
35.1299 0.00107636
35.3678 0.00105693
35.6073 0.00103785
35.8484 0.00101911
36.0912 0.00100071
36.3356 0.000982636
36.5817 0.000964888
36.8294 0.000947458
37.0788 0.00093034
37.3299 0.000913529
37.5827 0.00089702
37.8372 0.000880807
38.0934 0.000864885
38.3514 0.000849249
38.6111 0.000833893
38.8726 0.000818813
39.1358 0.000804004
39.4009 0.000789461
39.6677 0.000775179
39.9363 0.000761153
40.2068 0.000747379
40.479 0.000733853
40.7532 0.00072057
41.0291 0.000707525
41.307 0.000694715
41.5867 0.000682136
41.8683 0.000669782
42.1519 0.000657651
42.4373 0.000645738
42.7247 0.000634039
43.014 0.000622551
43.3053 0.000611269
43.5986 0.00060019
43.8938 0.000589311
44.1911 0.000578628
44.4903 0.000568137
44.7916 0.000557834
45.095 0.000547718
45.4003 0.000537783
45.7078 0.000528028
46.0173 0.000518448
46.329 0.000509041
46.6427 0.000499804
46.9586 0.000490733
47.2766 0.000481825
47.5967 0.000473078
47.919 0.000464489
48.2435 0.000456055
48.5702 0.000447773
48.8992 0.00043964
49.2303 0.000431654
49.5637 0.000423812
49.8993 0.000416111
50.2373 0.00040855
50.5775 0.000401125
50.92 0.000393834
51.2648 0.000386675
51.612 0.000379645
51.9615 0.000372742
52.3134 0.000365964
52.6676 0.000359308
53.0243 0.000352773
53.3834 0.000346355
53.7449 0.000340054
54.1088 0.000333866
54.4753 0.000327791
54.8442 0.000321825
55.2156 0.000315967
55.5895 0.000310215
55.9659 0.000304567
56.3449 0.000299021
56.7265 0.000293576
57.1107 0.000288229
57.4974 0.000282979
57.8868 0.000277824
58.2788 0.000272762
58.6734 0.000267792
59.0708 0.000262912
59.4708 0.00025812
59.8735 0.000253415
60.279 0.000248796
60.6872 0.00024426
61.0982 0.000239806
61.5119 0.000235433
61.9285 0.000231139
62.3479 0.000226923
62.7701 0.000222783
63.1952 0.000218719
63.6231 0.000214728
64.054 0.000210809
64.4878 0.000206962
64.9245 0.000203185
65.3641 0.000199475
65.8068 0.000195834
66.2524 0.000192258
66.7011 0.000188747
67.1528 0.0001853
67.6075 0.000181916
68.0654 0.000178593
68.5263 0.00017533
68.9904 0.000172127
69.4576 0.000168981
69.9279 0.000165893
70.4015 0.000162861
70.8782 0.000159884
71.3582 0.000156962
71.8415 0.000154092
72.328 0.000151274
72.8178 0.000148508
73.3109 0.000145792
73.8074 0.000143125
74.3072 0.000140507
74.8104 0.000137937
75.317 0.000135413
75.827 0.000132935
76.3405 0.000130502
76.8575 0.000128114
77.378 0.000125769
77.902 0.000123466
78.4296 0.000121206
78.9607 0.000118987
79.4954 0.000116808
80.0337 0.000114669
80.5757 0.000112568
81.1214 0.000110506
81.6707 0.000108482
82.2238 0.000106494
82.7806 0.000104543
83.3412 0.000102627
83.9056 0.000100746
84.4738 9.88996e-05
85.0459 9.70867e-05
85.6218 9.53068e-05
86.2016 9.35593e-05
86.7854 9.18438e-05
87.3731 9.01595e-05
87.9648 8.85059e-05
88.5605 8.68825e-05
89.1602 8.52887e-05
89.764 8.3724e-05
90.3719 8.21878e-05
90.9839 8.06797e-05
91.6 7.9199e-05
92.2203 7.77455e-05
92.8448 7.63184e-05
93.4736 7.49174e-05
94.1066 7.3542e-05
94.7439 7.21917e-05
95.3855 7.08661e-05
96.0314 6.95646e-05
96.6817 6.8287e-05
97.3365 6.70327e-05
97.9956 6.58013e-05
98.6592 6.45924e-05
99.3274 6.34056e-05
100 6.22405e-05
