5 0.144537
6 0.114182
7 0.0925614
8 0.0764894
9 0.0641597
10 0.0544696
11 0.0467067
12 0.0403894
13 0.035181
14 0.0308389
15 0.0271842
16 0.0240822
17 0.0214298
18 0.0191468
19 0.0171703
20 0.0154499
21 0.0139452
22 0.0126233
23 0.0114572
24 0.0104248
25 0.00950744
26 0.00868975
27 0.00795867
28 0.0073032
29 0.00671395
30 0.00618291
31 0.0057032
32 0.00526891
33 0.0048749
34 0.00451672
35 0.00419049
36 0.00389282
37 0.00362075
38 0.00337165
39 0.00314324
40 0.00293346
41 0.00274052
42 0.00256282
43 0.00239893
44 0.00224758
45 0.00210764
46 0.00197808
47 0.00185801
48 0.00174658
49 0.00164308
50 0.00154683
51 0.00145723
52 0.00137374
53 0.00129586
54 0.00122316
55 0.00115521
56 0.00109166
57 0.00103216
58 0.000976415
59 0.000924139
60 0.000875077
61 0.000828995
62 0.000785679
63 0.000744932
64 0.000706572
65 0.000670435
66 0.000636367
67 0.000604228
68 0.000573889
69 0.000545229
70 0.000518138
71 0.000492515
72 0.000468266
73 0.000445302
74 0.000423543
75 0.000402915
76 0.000383347
77 0.000364775
78 0.000347139
79 0.000330384
80 0.000314457
81 0.000299309
82 0.000284897
83 0.000271178
84 0.000258112
85 0.000245664
86 0.000233798
87 0.000222484
88 0.00021169
89 0.00020139
90 0.000191557
91 0.000182165
92 0.000173193
93 0.000164619
94 0.000156422
95 0.000148583
96 0.000141084
97 0.000133909
98 0.000127041
99 0.000120466
100 0.000114169
101 0.000108138
102 0.00010236
103 9.68221e-05
104 9.15077e-05
105 8.64237e-05
106 8.15668e-05
107 7.68588e-05
108 7.22592e-05
109 6.78985e-05
110 6.38522e-05
111 5.9982e-05
112 5.61852e-05
113 5.25108e-05
114 4.90022e-05
115 4.56422e-05
116 4.24118e-05
117 3.93078e-05
118 3.63288e-05
119 3.34692e-05
120 3.07232e-05
121 2.80863e-05
122 2.55545e-05
123 2.31237e-05
124 2.07899e-05
125 1.85492e-05
126 1.63982e-05
127 1.43335e-05
128 1.23517e-05
129 1.04497e-05
130 8.62462e-06
131 6.87342e-06
132 5.19348e-06
133 3.58227e-06
134 2.03731e-06
135 5.56094e-07
136 -8.63746e-07
137 -2.22438e-06
138 -3.5279e-06
139 -4.77631e-06
140 -5.97157e-06
141 -7.11557e-06
142 -8.2101e-06
143 -9.2569e-06
144 -1.02576e-05
145 -1.12139e-05
146 -1.21272e-05
147 -1.2999e-05
148 -1.38308e-05
149 -1.4624e-05
150 -1.53798e-05
151 -1.60996e-05
152 -1.67846e-05
153 -1.74359e-05
154 -1.80547e-05
155 -1.86421e-05
156 -1.91992e-05
157 -1.9727e-05
158 -2.02265e-05
159 -2.06987e-05
160 -2.11444e-05
161 -2.15646e-05
162 -2.19602e-05
163 -2.23319e-05
164 -2.26807e-05
165 -2.30072e-05
166 -2.33123e-05
167 -2.35966e-05
168 -2.38609e-05
169 -2.41059e-05
170 -2.43323e-05
171 -2.45406e-05
172 -2.47315e-05
173 -2.49056e-05
174 -2.50636e-05
175 -2.52059e-05
176 -2.53331e-05
177 -2.54458e-05
178 -2.55444e-05
179 -2.56296e-05
180 -2.57017e-05
181 -2.57612e-05
182 -2.58086e-05
183 -2.58444e-05
184 -2.58689e-05
185 -2.58826e-05
186 -2.5886e-05
187 -2.58793e-05
188 -2.58629e-05
189 -2.58373e-05
190 -2.58029e-05
191 -2.57598e-05
192 -2.57086e-05
193 -2.56495e-05
194 -2.55828e-05
195 -2.55088e-05
196 -2.54279e-05
197 -2.53404e-05
198 -2.52465e-05
199 -2.51464e-05
200 -2.50406e-05
201 -2.49292e-05
202 -2.48124e-05
203 -2.46906e-05
204 -2.45638e-05
205 -2.44325e-05
206 -2.42967e-05
207 -2.41569e-05
208 -2.40134e-05
209 -2.38662e-05
210 -2.37151e-05
211 -2.35601e-05
212 -2.34013e-05
213 -2.32394e-05
214 -2.30758e-05
215 -2.29118e-05
