5 0.144026
6 0.113705
7 0.0921823
8 0.0762209
9 0.063994
10 0.054392
11 0.0467009
12 0.0404402
13 0.035275
14 0.0309646
15 0.0273319
16 0.024244
17 0.0215993
18 0.019319
19 0.0173409
20 0.0156156
21 0.0141035
22 0.0127722
23 0.0115954
24 0.010551
25 0.00962107
26 0.00879032
27 0.00804594
28 0.0073771
29 0.00677458
30 0.00623047
31 0.00573797
32 0.00529125
33 0.00488526
34 0.00451557
35 0.00417832
36 0.00387014
37 0.0035881
38 0.00332961
39 0.00309237
40 0.00287433
41 0.00267366
42 0.00248875
43 0.00231818
44 0.00216068
45 0.00201511
46 0.00188044
47 0.00175574
48 0.00164017
49 0.00153296
50 0.00143342
51 0.00134093
52 0.00125492
53 0.00117489
54 0.00110038
55 0.00103097
56 0.000966295
57 0.000905991
58 0.000849743
59 0.000797251
60 0.000748243
61 0.000702465
62 0.000659686
63 0.000619693
64 0.000582289
65 0.000547298
66 0.000514555
67 0.000483914
68 0.000455242
69 0.000428417
70 0.000403329
71 0.000379881
72 0.000357985
73 0.000337563
74 0.000318545
75 0.000300872
76 0.000284492
77 0.000269363
78 0.000255451
79 0.000242732
80 0.000231188
81 0.000220812
82 0.000211607
83 0.000203583
84 0.000196759
85 0.000191166
86 0.000186836
87 0.00018381
88 0.000182134
89 0.000181853
90 0.00018301
91 0.000185634
92 0.00018974
93 0.000195314
94 0.000202306
95 0.000210623
96 0.000220103
97 0.000230528
98 0.00024159
99 0.000252919
100 0.000264061
101 0.000274507
102 0.000283706
103 0.000291103
104 0.000296159
105 0.000298414
106 0.000297485
107 0.000293154
108 0.000285329
109 0.000274153
110 0.000259893
111 0.000243004
112 0.000223999
113 0.000203476
114 0.000182025
115 0.000160225
116 0.000138604
117 0.000117601
118 9.75893e-05
119 7.88227e-05
120 6.14987e-05
121 4.57062e-05
122 3.14913e-05
123 1.88304e-05
124 7.66782e-06
125 -2.0819e-06
126 -1.05247e-05
127 -1.77713e-05
128 -2.39397e-05
129 -2.91437e-05
130 -3.34933e-05
131 -3.70926e-05
132 -4.00349e-05
133 -4.24059e-05
134 -4.42831e-05
135 -4.57346e-05
136 -4.68235e-05
137 -4.76024e-05
138 -4.81197e-05
139 -4.84163e-05
140 -4.85275e-05
141 -4.84852e-05
142 -4.83157e-05
143 -4.80432e-05
144 -4.76877e-05
145 -4.72659e-05
146 -4.67931e-05
147 -4.62812e-05
148 -4.5741e-05
149 -4.51815e-05
150 -4.461e-05
151 -4.4033e-05
152 -4.34555e-05
153 -4.28815e-05
154 -4.23147e-05
155 -4.17573e-05
156 -4.12115e-05
157 -4.06789e-05
158 -4.01605e-05
159 -3.96572e-05
160 -3.91694e-05
161 -3.8697e-05
162 -3.82398e-05
163 -3.77978e-05
164 -3.73704e-05
165 -3.69575e-05
166 -3.65583e-05
167 -3.6172e-05
168 -3.57979e-05
169 -3.54351e-05
170 -3.50828e-05
171 -3.47403e-05
172 -3.44068e-05
173 -3.40815e-05
174 -3.37638e-05
175 -3.34527e-05
176 -3.31475e-05
177 -3.28475e-05
178 -3.25518e-05
179 -3.22601e-05
180 -3.19719e-05
181 -3.16867e-05
182 -3.14039e-05
183 -3.1123e-05
184 -3.08435e-05
185 -3.05653e-05
186 -3.02881e-05
187 -3.00118e-05
188 -2.97362e-05
189 -2.94613e-05
190 -2.9187e-05
191 -2.89133e-05
192 -2.86405e-05
193 -2.83688e-05
194 -2.80983e-05
195 -2.78294e-05
196 -2.75626e-05
197 -2.72982e-05
198 -2.70366e-05
199 -2.67782e-05
200 -2.65236e-05
201 -2.6273e-05
202 -2.60269e-05
203 -2.57855e-05
204 -2.55492e-05
205 -2.5318e-05
206 -2.50919e-05
207 -2.48709e-05
208 -2.46549e-05
209 -2.44432e-05
210 -2.4235e-05
211 -2.40294e-05
212 -2.38257e-05
213 -2.36233e-05
214 -2.34223e-05
215 -2.32223e-05
