  0.745823E-04  0.146994E+08  0.146994E+08  0.192357E+08  0.192349E+08  0.147005E+08  0.146994E+08
  0.104088E-03  0.146986E+08  0.146986E+08  0.188958E+08  0.188944E+08  0.146980E+08  0.146986E+08
  0.145267E-03  0.146970E+08  0.146970E+08  0.182500E+08  0.182474E+08  0.146932E+08  0.146969E+08
  0.202736E-03  0.146938E+08  0.146938E+08  0.170510E+08  0.170463E+08  0.146838E+08  0.146938E+08
  0.282941E-03  0.146878E+08  0.146877E+08  0.149254E+08  0.149179E+08  0.146658E+08  0.146877E+08
  0.394875E-03  0.146762E+08  0.146762E+08  0.114879E+08  0.114780E+08  0.146310E+08  0.146760E+08
  0.551093E-03  0.146547E+08  0.146546E+08  0.687596E+07  0.686819E+07  0.145649E+08  0.146543E+08
  0.769112E-03  0.146157E+08  0.146156E+08  0.271689E+07  0.271843E+07  0.144418E+08  0.146149E+08
  0.107338E-02  0.145481E+08  0.145479E+08  0.118815E+07  0.119013E+07  0.142193E+08  0.145466E+08
  0.149803E-02  0.144358E+08  0.144356E+08  0.645720E+06  0.641121E+06  0.138374E+08  0.144331E+08
  0.209066E-02  0.142563E+08  0.142558E+08  0.000000E+00  0.000000E+00  0.132373E+08  0.142516E+08
  0.291776E-02  0.139794E+08  0.139785E+08  0.000000E+00  0.000000E+00  0.123917E+08  0.139721E+08
  0.407206E-02  0.135700E+08  0.135682E+08  0.000000E+00  0.000000E+00  0.113089E+08  0.135596E+08
  0.421008E-02  0.135204E+08  0.135185E+08  0.000000E+00  0.000000E+00  0.111874E+08  0.135096E+08
  0.435278E-02  0.134690E+08  0.134670E+08  0.000000E+00  0.000000E+00  0.110633E+08  0.134579E+08
  0.450032E-02  0.134159E+08  0.134137E+08  0.000000E+00  0.000000E+00  0.109365E+08  0.134044E+08
  0.465286E-02  0.133609E+08  0.133586E+08  0.000000E+00  0.000000E+00  0.108074E+08  0.133491E+08
  0.481057E-02  0.133042E+08  0.133017E+08  0.000000E+00  0.000000E+00  0.106759E+08  0.132919E+08
  0.497362E-02  0.132455E+08  0.132429E+08  0.000000E+00  0.000000E+00  0.105420E+08  0.132329E+08
  0.514220E-02  0.131849E+08  0.131821E+08  0.000000E+00  0.000000E+00  0.104056E+08  0.131719E+08
  0.531650E-02  0.131224E+08  0.131194E+08  0.000000E+00  0.000000E+00  0.102669E+08  0.131090E+08
  0.549670E-02  0.130578E+08  0.130546E+08  0.000000E+00  0.000000E+00  0.101257E+08  0.130441E+08
  0.568301E-02  0.129913E+08  0.129879E+08  0.000000E+00  0.000000E+00  0.998205E+07  0.129772E+08
  0.587564E-02  0.129226E+08  0.129190E+08  0.000000E+00  0.000000E+00  0.983591E+07  0.129082E+08
  0.607480E-02  0.128522E+08  0.128484E+08  0.000000E+00  0.000000E+00  0.966760E+07  0.128373E+08
  0.628070E-02  0.127793E+08  0.127752E+08  0.000000E+00  0.000000E+00  0.951339E+07  0.127640E+08
  0.649359E-02  0.127042E+08  0.126999E+08  0.000000E+00  0.000000E+00  0.935632E+07  0.126885E+08
  0.671369E-02  0.126269E+08  0.126223E+08  0.000000E+00  0.000000E+00  0.919640E+07  0.126108E+08
  0.694125E-02  0.125474E+08  0.125424E+08  0.000000E+00  0.000000E+00  0.903371E+07  0.125308E+08
  0.717652E-02  0.124655E+08  0.124602E+08  0.000000E+00  0.000000E+00  0.886844E+07  0.124485E+08
  0.741977E-02  0.123813E+08  0.123757E+08  0.000000E+00  0.000000E+00  0.870087E+07  0.123638E+08
  0.767127E-02  0.122946E+08  0.122887E+08  0.000000E+00  0.000000E+00  0.853137E+07  0.122768E+08
  0.793129E-02  0.122054E+08  0.121991E+08  0.000000E+00  0.000000E+00  0.836014E+07  0.121871E+08
  0.820012E-02  0.121139E+08  0.121072E+08  0.000000E+00  0.000000E+00  0.818802E+07  0.120952E+08
  0.847806E-02  0.120199E+08  0.120128E+08  0.000000E+00  0.000000E+00  0.801499E+07  0.120008E+08
  0.876543E-02  0.119234E+08  0.119159E+08  0.000000E+00  0.000000E+00  0.784116E+07  0.119038E+08
  0.906253E-02  0.118243E+08  0.118163E+08  0.000000E+00  0.000000E+00  0.766654E+07  0.118043E+08
  0.936971E-02  0.117226E+08  0.117141E+08  0.000000E+00  0.000000E+00  0.749098E+07  0.117022E+08
  0.968729E-02  0.116184E+08  0.116093E+08  0.000000E+00  0.000000E+00  0.731428E+07  0.115976E+08
  0.100156E-01  0.115114E+08  0.115018E+08  0.000000E+00  0.000000E+00  0.713648E+07  0.114902E+08
  0.103551E-01  0.114017E+08  0.113916E+08  0.000000E+00  0.000000E+00  0.695753E+07  0.113801E+08
  0.107061E-01  0.112893E+08  0.112785E+08  0.000000E+00  0.000000E+00  0.677761E+07  0.112673E+08
  0.110690E-01  0.111741E+08  0.111627E+08  0.000000E+00  0.000000E+00  0.659696E+07  0.111517E+08
  0.114442E-01  0.110561E+08  0.110440E+08  0.000000E+00  0.000000E+00  0.641589E+07  0.110333E+08
  0.118321E-01  0.109353E+08  0.109225E+08  0.000000E+00  0.000000E+00  0.623470E+07  0.109121E+08
  0.122331E-01  0.108116E+08  0.107980E+08  0.000000E+00  0.000000E+00  0.605360E+07  0.107880E+08
  0.126478E-01  0.106850E+08  0.106706E+08  0.000000E+00  0.000000E+00  0.587301E+07  0.106610E+08
  0.130765E-01  0.105554E+08  0.105403E+08  0.000000E+00  0.000000E+00  0.569311E+07  0.105312E+08
  0.135197E-01  0.104229E+08  0.104069E+08  0.000000E+00  0.000000E+00  0.551406E+07  0.103983E+08
  0.139780E-01  0.102875E+08  0.102706E+08  0.000000E+00  0.000000E+00  0.533593E+07  0.102626E+08
  0.144517E-01  0.101491E+08  0.101312E+08  0.000000E+00  0.000000E+00  0.515870E+07  0.101238E+08
  0.149416E-01  0.100076E+08  0.998881E+07  0.000000E+00  0.000000E+00  0.498233E+07  0.998208E+07
  0.154480E-01  0.986321E+07  0.984337E+07  0.000000E+00  0.000000E+00  0.480698E+07  0.983736E+07
  0.159716E-01  0.971578E+07  0.969490E+07  0.000000E+00  0.000000E+00  0.463302E+07  0.968965E+07
  0.165130E-01  0.956536E+07  0.954339E+07  0.000000E+00  0.000000E+00  0.446088E+07  0.953896E+07
  0.170727E-01  0.941196E+07  0.938886E+07  0.000000E+00  0.000000E+00  0.429088E+07  0.938531E+07
  0.176514E-01  0.925560E+07  0.923136E+07  0.000000E+00  0.000000E+00  0.412310E+07  0.922873E+07
  0.182497E-01  0.909634E+07  0.907091E+07  0.000000E+00  0.000000E+00  0.395756E+07  0.906925E+07
  0.188683E-01  0.893421E+07  0.890757E+07  0.000000E+00  0.000000E+00  0.379432E+07  0.890694E+07
  0.195078E-01  0.876929E+07  0.874140E+07  0.000000E+00  0.000000E+00  0.363355E+07  0.874184E+07
  0.201690E-01  0.860166E+07  0.857251E+07  0.000000E+00  0.000000E+00  0.347546E+07  0.857406E+07
  0.208527E-01  0.843140E+07  0.840098E+07  0.000000E+00  0.000000E+00  0.332031E+07  0.840368E+07
  0.215595E-01  0.825866E+07  0.822694E+07  0.000000E+00  0.000000E+00  0.316834E+07  0.823082E+07
  0.222902E-01  0.808355E+07  0.805055E+07  0.000000E+00  0.000000E+00  0.301964E+07  0.805564E+07
  0.230458E-01  0.790626E+07  0.787198E+07  0.000000E+00  0.000000E+00  0.287420E+07  0.787830E+07
  0.238269E-01  0.772698E+07  0.769142E+07  0.000000E+00  0.000000E+00  0.273219E+07  0.769898E+07
  0.246345E-01  0.754592E+07  0.750911E+07  0.000000E+00  0.000000E+00  0.259389E+07  0.751792E+07
  0.254695E-01  0.736334E+07  0.732531E+07  0.000000E+00  0.000000E+00  0.245948E+07  0.733537E+07
  0.263328E-01  0.717952E+07  0.714032E+07  0.000000E+00  0.000000E+00  0.232901E+07  0.715161E+07
  0.272253E-01  0.699477E+07  0.695447E+07  0.000000E+00  0.000000E+00  0.220253E+07  0.696696E+07
  0.281482E-01  0.680947E+07  0.676813E+07  0.000000E+00  0.000000E+00  0.208018E+07  0.678178E+07
  0.291022E-01  0.662398E+07  0.658170E+07  0.000000E+00  0.000000E+00  0.196214E+07  0.659645E+07
  0.300887E-01  0.643875E+07  0.639562E+07  0.000000E+00  0.000000E+00  0.184851E+07  0.641141E+07
  0.311085E-01  0.625423E+07  0.621037E+07  0.000000E+00  0.000000E+00  0.173926E+07  0.622712E+07
  0.321629E-01  0.607091E+07  0.602647E+07  0.000000E+00  0.000000E+00  0.163450E+07  0.604407E+07
  0.332531E-01  0.588933E+07  0.584446E+07  0.000000E+00  0.000000E+00  0.153436E+07  0.586279E+07
  0.343802E-01  0.571003E+07  0.566490E+07  0.000000E+00  0.000000E+00  0.143882E+07  0.568382E+07
  0.355456E-01  0.553358E+07  0.548838E+07  0.000000E+00  0.000000E+00  0.134788E+07  0.550774E+07
  0.367504E-01  0.536055E+07  0.531548E+07  0.000000E+00  0.000000E+00  0.126157E+07  0.533512E+07
  0.379960E-01  0.519104E+07  0.514631E+07  0.000000E+00  0.000000E+00  0.117979E+07  0.516606E+07
  0.392839E-01  0.502522E+07  0.498107E+07  0.000000E+00  0.000000E+00  0.110236E+07  0.500074E+07
  0.406154E-01  0.486443E+07  0.482109E+07  0.000000E+00  0.000000E+00  0.102944E+07  0.484047E+07
  0.419921E-01  0.470929E+07  0.466699E+07  0.000000E+00  0.000000E+00  0.960982E+06  0.468588E+07
  0.434154E-01  0.456031E+07  0.451929E+07  0.000000E+00  0.000000E+00  0.896862E+06  0.453748E+07
  0.448870E-01  0.441785E+07  0.437835E+07  0.000000E+00  0.000000E+00  0.836960E+06  0.439562E+07
  0.464085E-01  0.428210E+07  0.424433E+07  0.000000E+00  0.000000E+00  0.781097E+06  0.426050E+07
  0.479815E-01  0.415302E+07  0.411719E+07  0.000000E+00  0.000000E+00  0.729034E+06  0.413207E+07
  0.496078E-01  0.403042E+07  0.399668E+07  0.000000E+00  0.000000E+00  0.680566E+06  0.401012E+07
  0.512893E-01  0.391388E+07  0.388240E+07  0.000000E+00  0.000000E+00  0.635411E+06  0.389425E+07
  0.530277E-01  0.380290E+07  0.377375E+07  0.000000E+00  0.000000E+00  0.593320E+06  0.378394E+07
  0.548251E-01  0.369688E+07  0.367011E+07  0.000000E+00  0.000000E+00  0.554023E+06  0.367858E+07
  0.566834E-01  0.359514E+07  0.357076E+07  0.000000E+00  0.000000E+00  0.517280E+06  0.357751E+07
  0.586047E-01  0.349703E+07  0.347496E+07  0.000000E+00  0.000000E+00  0.482864E+06  0.348004E+07
  0.613670E-01  0.336912E+07  0.335002E+07  0.000000E+00  0.000000E+00  0.439141E+06  0.335297E+07
  0.641293E-01  0.324776E+07  0.323114E+07  0.000000E+00  0.000000E+00  0.400289E+06  0.323236E+07
  0.668916E-01  0.313229E+07  0.311757E+07  0.000000E+00  0.000000E+00  0.365640E+06  0.311755E+07
  0.696540E-01  0.301972E+07  0.300632E+07  0.000000E+00  0.000000E+00  0.334365E+06  0.300555E+07
  0.724163E-01  0.290815E+07  0.289550E+07  0.000000E+00  0.000000E+00  0.305875E+06  0.289447E+07
  0.751786E-01  0.279660E+07  0.278421E+07  0.000000E+00  0.000000E+00  0.279780E+06  0.278335E+07
  0.779409E-01  0.268511E+07  0.267255E+07  0.000000E+00  0.000000E+00  0.255839E+06  0.267222E+07
  0.807032E-01  0.257444E+07  0.256141E+07  0.000000E+00  0.000000E+00  0.233899E+06  0.256188E+07
  0.834655E-01  0.246580E+07  0.245210E+07  0.000000E+00  0.000000E+00  0.213866E+06  0.245353E+07
  0.862278E-01  0.236050E+07  0.234605E+07  0.000000E+00  0.000000E+00  0.195665E+06  0.234851E+07
  0.889901E-01  0.225975E+07  0.224457E+07  0.000000E+00  0.000000E+00  0.179204E+06  0.224803E+07
  0.917524E-01  0.216452E+07  0.214873E+07  0.000000E+00  0.000000E+00  0.164388E+06  0.215307E+07
  0.945147E-01  0.207558E+07  0.205937E+07  0.000000E+00  0.000000E+00  0.151110E+06  0.206441E+07
  0.972770E-01  0.199350E+07  0.197711E+07  0.000000E+00  0.000000E+00  0.139257E+06  0.198262E+07
  0.100039E+00  0.191866E+07  0.190235E+07  0.000000E+00  0.000000E+00  0.128719E+06  0.190808E+07
  0.102802E+00  0.185122E+07  0.183526E+07  0.000000E+00  0.000000E+00  0.119376E+06  0.184095E+07
  0.105564E+00  0.179106E+07  0.177569E+07  0.000000E+00  0.000000E+00  0.111108E+06  0.178112E+07
  0.108326E+00  0.173775E+07  0.172319E+07  0.000000E+00  0.000000E+00  0.103789E+06  0.172814E+07
  0.111089E+00  0.169058E+07  0.167698E+07  0.000000E+00  0.000000E+00  0.972870E+05  0.168130E+07
  0.113851E+00  0.164862E+07  0.163608E+07  0.000000E+00  0.000000E+00  0.914771E+05  0.163967E+07
  0.116613E+00  0.161080E+07  0.159935E+07  0.000000E+00  0.000000E+00  0.862399E+05  0.160216E+07
  0.119376E+00  0.157600E+07  0.156563E+07  0.000000E+00  0.000000E+00  0.814681E+05  0.156767E+07
  0.122138E+00  0.154315E+07  0.153376E+07  0.000000E+00  0.000000E+00  0.770678E+05  0.153509E+07
  0.124900E+00  0.151123E+07  0.150271E+07  0.000000E+00  0.000000E+00  0.729618E+05  0.150343E+07
  0.127662E+00  0.147939E+07  0.147158E+07  0.000000E+00  0.000000E+00  0.690872E+05  0.147183E+07
  0.130425E+00  0.144697E+07  0.143970E+07  0.000000E+00  0.000000E+00  0.653974E+05  0.143962E+07
  0.133187E+00  0.141355E+07  0.140663E+07  0.000000E+00  0.000000E+00  0.618628E+05  0.140639E+07
  0.135949E+00  0.137899E+07  0.137226E+07  0.000000E+00  0.000000E+00  0.584685E+05  0.137200E+07
  0.138712E+00  0.134341E+07  0.133670E+07  0.000000E+00  0.000000E+00  0.552107E+05  0.133657E+07
  0.141474E+00  0.130711E+07  0.130029E+07  0.000000E+00  0.000000E+00  0.520938E+05  0.130040E+07
  0.144236E+00  0.127051E+07  0.126350E+07  0.000000E+00  0.000000E+00  0.491266E+05  0.126393E+07
  0.146999E+00  0.123408E+07  0.122681E+07  0.000000E+00  0.000000E+00  0.463174E+05  0.122761E+07
  0.149761E+00  0.119827E+07  0.119072E+07  0.000000E+00  0.000000E+00  0.436723E+05  0.119190E+07
  0.152523E+00  0.116350E+07  0.115569E+07  0.000000E+00  0.000000E+00  0.411961E+05  0.115724E+07
  0.155286E+00  0.113016E+07  0.112213E+07  0.000000E+00  0.000000E+00  0.388918E+05  0.112400E+07
  0.158048E+00  0.109861E+07  0.109044E+07  0.000000E+00  0.000000E+00  0.367593E+05  0.109256E+07
  0.160810E+00  0.106916E+07  0.106093E+07  0.000000E+00  0.000000E+00  0.347975E+05  0.106323E+07
  0.163572E+00  0.104204E+07  0.103384E+07  0.000000E+00  0.000000E+00  0.330027E+05  0.103623E+07
  0.166335E+00  0.101737E+07  0.100930E+07  0.000000E+00  0.000000E+00  0.313669E+05  0.101169E+07
  0.169097E+00  0.995112E+06  0.987260E+06  0.000000E+00  0.000000E+00  0.298781E+05  0.989551E+06
  0.171859E+00  0.975075E+06  0.967516E+06  0.000000E+00  0.000000E+00  0.285214E+05  0.969643E+06
  0.174622E+00  0.956960E+06  0.949754E+06  0.000000E+00  0.000000E+00  0.272793E+05  0.951659E+06
  0.177384E+00  0.940394E+06  0.933578E+06  0.000000E+00  0.000000E+00  0.261339E+05  0.935222E+06
  0.180146E+00  0.924992E+06  0.918584E+06  0.000000E+00  0.000000E+00  0.250686E+05  0.919948E+06
  0.182909E+00  0.910391E+06  0.904385E+06  0.000000E+00  0.000000E+00  0.240690E+05  0.905470E+06
  0.185671E+00  0.896264E+06  0.890636E+06  0.000000E+00  0.000000E+00  0.231227E+05  0.891461E+06
  0.188433E+00  0.882332E+06  0.877043E+06  0.000000E+00  0.000000E+00  0.222195E+05  0.877640E+06
  0.191196E+00  0.868359E+06  0.863355E+06  0.000000E+00  0.000000E+00  0.213512E+05  0.863769E+06
  0.193958E+00  0.854151E+06  0.849372E+06  0.000000E+00  0.000000E+00  0.205117E+05  0.849656E+06
  0.196720E+00  0.839570E+06  0.834953E+06  0.000000E+00  0.000000E+00  0.196963E+05  0.835162E+06
  0.199482E+00  0.824544E+06  0.820026E+06  0.000000E+00  0.000000E+00  0.189021E+05  0.820216E+06
  0.202245E+00  0.809075E+06  0.804600E+06  0.000000E+00  0.000000E+00  0.181288E+05  0.804820E+06
  0.205007E+00  0.793240E+06  0.788759E+06  0.000000E+00  0.000000E+00  0.173771E+05  0.789052E+06
  0.207769E+00  0.777174E+06  0.772650E+06  0.000000E+00  0.000000E+00  0.166489E+05  0.773049E+06
  0.210532E+00  0.761053E+06  0.756461E+06  0.000000E+00  0.000000E+00  0.159472E+05  0.756986E+06
  0.213294E+00  0.745062E+06  0.740391E+06  0.000000E+00  0.000000E+00  0.152745E+05  0.741052E+06
  0.216056E+00  0.729383E+06  0.724635E+06  0.000000E+00  0.000000E+00  0.146332E+05  0.725429E+06
  0.218819E+00  0.714185E+06  0.709371E+06  0.000000E+00  0.000000E+00  0.140249E+05  0.710287E+06
  0.227570E+00  0.670635E+06  0.665780E+06  0.000000E+00  0.000000E+00  0.123251E+05  0.666919E+06
  0.236672E+00  0.634247E+06  0.629686E+06  0.000000E+00  0.000000E+00  0.109053E+05  0.630734E+06
  0.246137E+00  0.604251E+06  0.600220E+06  0.000000E+00  0.000000E+00  0.971700E+04  0.600950E+06
  0.255982E+00  0.576439E+06  0.572913E+06  0.000000E+00  0.000000E+00  0.866633E+04  0.573336E+06
  0.266220E+00  0.546948E+06  0.543687E+06  0.000000E+00  0.000000E+00  0.768424E+04  0.544015E+06
  0.276867E+00  0.515013E+06  0.511775E+06  0.000000E+00  0.000000E+00  0.675844E+04  0.512223E+06
  0.287940E+00  0.483359E+06  0.480101E+06  0.000000E+00  0.000000E+00  0.592244E+04  0.480705E+06
  0.299456E+00  0.455374E+06  0.452245E+06  0.000000E+00  0.000000E+00  0.520792E+04  0.452863E+06
  0.311433E+00  0.431570E+06  0.428725E+06  0.000000E+00  0.000000E+00  0.460555E+04  0.429207E+06
  0.323889E+00  0.409525E+06  0.406955E+06  0.000000E+00  0.000000E+00  0.407655E+04  0.407301E+06
  0.336843E+00  0.386791E+06  0.384361E+06  0.000000E+00  0.000000E+00  0.359005E+04  0.384689E+06
  0.350315E+00  0.363639E+06  0.361261E+06  0.000000E+00  0.000000E+00  0.314586E+04  0.361647E+06
  0.364325E+00  0.342274E+06  0.339993E+06  0.000000E+00  0.000000E+00  0.275900E+04  0.340392E+06
  0.378896E+00  0.323383E+06  0.321276E+06  0.000000E+00  0.000000E+00  0.242819E+04  0.321612E+06
  0.394050E+00  0.305635E+06  0.303688E+06  0.000000E+00  0.000000E+00  0.213706E+04  0.303967E+06
  0.409810E+00  0.287885E+06  0.286030E+06  0.000000E+00  0.000000E+00  0.187382E+04  0.286310E+06
  0.426201E+00  0.270804E+06  0.269029E+06  0.000000E+00  0.000000E+00  0.164033E+04  0.269317E+06
  0.443246E+00  0.255251E+06  0.253590E+06  0.000000E+00  0.000000E+00  0.143843E+04  0.253851E+06
  0.460974E+00  0.240709E+06  0.239160E+06  0.000000E+00  0.000000E+00  0.126165E+04  0.239391E+06
  0.479410E+00  0.226570E+06  0.225103E+06  0.000000E+00  0.000000E+00  0.110419E+04  0.225328E+06
  0.498584E+00  0.213174E+06  0.211786E+06  0.000000E+00  0.000000E+00  0.965730E+03  0.212003E+06
  0.518525E+00  0.200746E+06  0.199446E+06  0.000000E+00  0.000000E+00  0.845161E+03  0.199644E+06
  0.539263E+00  0.188939E+06  0.187717E+06  0.000000E+00  0.000000E+00  0.739053E+03  0.187902E+06
  0.560831E+00  0.177692E+06  0.176539E+06  0.000000E+00  0.000000E+00  0.645616E+03  0.176716E+06
  0.583261E+00  0.167160E+06  0.166077E+06  0.000000E+00  0.000000E+00  0.564013E+03  0.166242E+06
  0.606589E+00  0.157213E+06  0.156196E+06  0.000000E+00  0.000000E+00  0.492493E+03  0.156350E+06
  0.630849E+00  0.147791E+06  0.146834E+06  0.000000E+00  0.000000E+00  0.429751E+03  0.146979E+06
  0.656080E+00  0.138934E+06  0.138035E+06  0.000000E+00  0.000000E+00  0.374926E+03  0.138171E+06
  0.819345E+00  0.974786E+05  0.968476E+05  0.000000E+00  0.000000E+00  0.171675E+03  0.969427E+05
  0.102324E+01  0.679899E+05  0.675499E+05  0.000000E+00  0.000000E+00  0.777510E+02  0.676159E+05
  0.127787E+01  0.471693E+05  0.468641E+05  0.000000E+00  0.000000E+00  0.348923E+02  0.469098E+05
  0.159587E+01  0.325678E+05  0.323571E+05  0.000000E+00  0.000000E+00  0.214793E+02  0.323886E+05
  0.199299E+01  0.223889E+05  0.222441E+05  0.000000E+00  0.000000E+00  0.954102E+01  0.222657E+05
  0.248895E+01  0.153309E+05  0.152318E+05  0.000000E+00  0.000000E+00  0.421110E+01  0.152466E+05
  0.310832E+01  0.104605E+05  0.103928E+05  0.000000E+00  0.000000E+00  0.184884E+01  0.104029E+05
  0.388182E+01  0.711417E+04  0.706813E+04  0.000000E+00  0.000000E+00  0.808100E+00  0.707501E+04
  0.484781E+01  0.482399E+04  0.479274E+04  0.000000E+00  0.000000E+00  0.351883E+00  0.479743E+04
  0.605418E+01  0.326218E+04  0.324102E+04  0.000000E+00  0.000000E+00  0.152726E+00  0.324421E+04
  0.756076E+01  0.220052E+04  0.218622E+04  0.000000E+00  0.000000E+00  0.660990E-01  0.218840E+04
  0.944225E+01  0.148097E+04  0.147132E+04  0.000000E+00  0.000000E+00  0.285349E-01  0.147281E+04
  0.117919E+02  0.994594E+03  0.988083E+03  0.000000E+00  0.000000E+00  0.122905E-01  0.989107E+03
  0.147263E+02  0.666641E+03  0.662246E+03  0.000000E+00  0.000000E+00  0.528281E-02  0.662959E+03
  0.183910E+02  0.446009E+03  0.443035E+03  0.000000E+00  0.000000E+00  0.226645E-02  0.443540E+03
  0.229676E+02  0.297887E+03  0.295866E+03  0.000000E+00  0.000000E+00  0.970660E-03  0.296233E+03
  0.286830E+02  0.198635E+03  0.197252E+03  0.000000E+00  0.000000E+00  0.414984E-03  0.197527E+03
  0.358207E+02  0.132248E+03  0.131289E+03  0.000000E+00  0.000000E+00  0.177157E-03  0.131504E+03
  0.447347E+02  0.879161E+02  0.872401E+02  0.000000E+00  0.000000E+00  0.755092E-04  0.874156E+02
  0.558669E+02  0.583573E+02  0.578685E+02  0.000000E+00  0.000000E+00  0.321344E-04  0.580189E+02
  0.697693E+02  0.386764E+02  0.383113E+02  0.000000E+00  0.000000E+00  0.136539E-04  0.384458E+02
  0.871313E+02  0.255898E+02  0.253059E+02  0.000000E+00  0.000000E+00  0.579045E-05  0.254307E+02
  0.108814E+03  0.168985E+02  0.166679E+02  0.000000E+00  0.000000E+00  0.245095E-05  0.167868E+02
  0.135892E+03  0.111332E+02  0.109375E+02  0.000000E+00  0.000000E+00  0.103471E-05  0.110529E+02
  0.169709E+03  0.731316E+01  0.714091E+01  0.000000E+00  0.000000E+00  0.435383E-06  0.725366E+01
  0.211940E+03  0.478533E+01  0.462954E+01  0.000000E+00  0.000000E+00  0.182384E-06  0.473976E+01
  0.264681E+03  0.311536E+01  0.297254E+01  0.000000E+00  0.000000E+00  0.759638E-07  0.307932E+01
  0.330547E+03  0.201497E+01  0.188425E+01  0.000000E+00  0.000000E+00  0.314072E-07  0.198575E+01
  0.412803E+03  0.129316E+01  0.117554E+01  0.000000E+00  0.000000E+00  0.128772E-07  0.126921E+01
  0.515529E+03  0.823351E+00  0.720734E+00  0.000000E+00  0.000000E+00  0.523038E-08  0.803835E+00
  0.643818E+03  0.521163E+00  0.434974E+00  0.000000E+00  0.000000E+00  0.210733E-08  0.505539E+00
  0.804031E+03  0.329404E+00  0.259246E+00  0.000000E+00  0.000000E+00  0.848073E-09  0.317114E+00
  0.100411E+04  0.208689E+00  0.152462E+00  0.000000E+00  0.000000E+00  0.341200E-09  0.199088E+00
