0.0001	64.284
0.00010202	65.532
0.00010408	66.805
0.00010618	68.102
0.00010833	69.424
0.00011052	70.772
0.00011275	72.146
0.00011503	73.547
0.00011735	74.974
0.00011972	76.43
0.00012214	77.914
0.00012461	79.426
0.00012712	80.968
0.00012969	82.54
0.00013231	84.142
0.00013499	85.775
0.00013771	87.44
0.00014049	89.137
0.00014333	90.867
0.00014623	92.631
0.00014918	94.428
0.0001522	96.261
0.00015527	98.129
0.00015841	100.03
0.00016161	101.97
0.00016487	103.95
0.0001682	105.97
0.0001716	108.03
0.00017507	110.12
0.0001786	112.26
0.00018221	114.44
0.00018589	116.66
0.00018965	118.92
0.00019348	121.23
0.00019739	123.58
0.00020138	125.97
0.00020544	128.42
0.00020959	130.91
0.00021383	133.44
0.00021815	136.03
0.00022255	138.67
0.00022705	141.36
0.00023164	144.1
0.00023632	146.89
0.00024109	149.74
0.00024596	152.64
0.00025093	155.6
0.000256	158.61
0.00026117	161.68
0.00026645	164.82
0.00027183	168.01
0.00027732	171.26
0.00028292	174.58
0.00028864	177.96
0.00029447	181.4
0.00030042	184.92
0.00030649	188.49
0.00031268	192.14
0.00031899	195.86
0.00032544	199.65
0.00033201	203.51
0.00033872	207.45
0.00034556	211.46
0.00035254	215.55
0.00035966	219.71
0.00036693	223.96
0.00037434	228.29
0.0003819	232.7
0.00038962	237.19
0.00039749	241.77
0.00040552	246.44
0.00041371	251.19
0.00042207	256.04
0.0004306	260.98
0.00043929	266.01
0.00044817	271.14
0.00045722	276.37
0.00046646	281.69
0.00047588	287.12
0.0004855	292.64
0.0004953	298.28
0.00050531	304.02
0.00051552	309.86
0.00052593	315.82
0.00053656	321.89
0.00054739	328.08
0.00055845	334.38
0.00056973	340.79
0.00058124	347.33
0.00059299	353.99
0.00060496	360.78
0.00061719	367.69
0.00062965	374.73
0.00064237	381.9
0.00065535	389.21
0.00066859	396.65
0.0006821	404.23
0.00069588	411.94
0.00070993	419.8
0.00072427	427.81
0.00073891	435.96
0.00075383	444.26
0.00076906	452.72
0.0007846	461.32
0.00080045	470.09
0.00081662	479.01
0.00083311	488.1
0.00084994	497.35
0.00086711	506.76
0.00088463	516.35
0.0009025	526.11
0.00092073	536.04
0.00093933	546.16
0.00095831	556.45
0.00097767	566.92
0.00099742	577.58
0.0010176	588.43
0.0010381	599.47
0.0010591	610.7
0.0010805	622.13
0.0011023	633.76
0.0011246	645.59
0.0011473	657.62
0.0011705	669.87
0.0011941	682.32
0.0012182	694.99
0.0012429	707.87
0.001268	720.97
0.0012936	734.29
0.0013197	747.84
0.0013464	761.62
0.0013736	775.62
0.0014013	789.86
0.0014296	804.33
0.0014585	819.04
0.001488	833.99
0.001518	849.19
0.0015487	864.63
0.00158	880.33
0.0016119	896.27
0.0016445	912.47
0.0016777	928.92
0.0017116	945.64
0.0017462	962.61
0.0017814	979.85
0.0018174	997.36
0.0018541	1015.1
0.0018916	1033.2
0.0019298	1051.5
0.0019688	1070.1
0.0020086	1088.9
0.0020491	1108.1
0.0020905	1127.5
0.0021328	1147.2
0.0021758	1167.2
0.0022198	1187.5
0.0022646	1208.1
0.0023104	1228.9
0.0023571	1250.
0.0024047	1271.5
0.0024533	1293.2
0.0025028	1315.2
0.0025534	1337.5
0.002605	1360.1
0.0026576	1383.
0.0027113	1406.1
0.002766	1429.6
0.0028219	1453.4
0.0028789	1477.4
0.0029371	1501.7
0.0029964	1526.4
0.0030569	1551.3
0.0031187	1576.5
0.0031817	1602.
0.003246	1627.8
0.0033115	1653.8
0.0033784	1680.1
0.0034467	1706.7
0.0035163	1733.6
0.0035874	1760.8
0.0036598	1788.2
0.0037338	1815.9
0.0038092	1843.8
0.0038861	1872.
0.0039646	1900.4
0.0040447	1929.1
0.0041264	1958.1
0.0042098	1987.2
0.0042948	2016.6
0.0043816	2046.2
0.0044701	2076.1
0.0045604	2106.1
0.0046525	2136.3
0.0047465	2166.7
0.0048424	2197.3
0.0049402	2228.1
0.00504	2259.
0.0051419	2290.1
0.0052457	2321.4
0.0053517	2352.7
0.0054598	2384.2
0.0055701	2415.8
0.0056826	2447.5
0.0057974	2479.3
0.0059145	2511.1
0.006034	2543.1
0.0061559	2575.1
0.0062803	2607.
0.0064072	2639.
0.0065366	2670.9
0.0066686	2702.8
0.0068033	2734.7
0.0069408	2766.5
0.007081	2798.2
0.007224	2829.8
0.00737	2861.3
0.0075189	2892.7
0.0076708	2923.8
0.0078257	2954.8
0.0079838	2985.5
0.0081451	3016.
0.0083096	3046.2
0.0084775	3076.2
0.0086488	3105.8
0.0088235	3135.1
0.0090017	3164.1
0.0091836	3192.6
0.0093691	3220.7
0.0095583	3248.3
0.0097514	3275.5
0.0099484	3302.1
0.010149	3328.2
0.010354	3353.7
0.010564	3378.5
0.010777	3402.7
0.010995	3426.3
0.011217	3449.
0.011443	3471.
0.011675	3492.3
0.01191	3512.6
0.012151	3532.1
0.012397	3550.7
0.012647	3568.4
0.012902	3585.
0.013163	3600.6
0.013429	3615.2
0.0137	3628.6
0.013977	3640.9
0.014259	3652.
0.014547	3661.8
0.014841	3670.4
0.015141	3677.7
0.015447	3683.7
0.015759	3688.2
0.016077	3691.4
0.016402	3693.
0.016734	3693.2
0.017072	3691.9
0.017416	3689.
0.017768	3684.5
0.018127	3678.4
0.018493	3670.7
0.018867	3661.3
0.019248	3650.3
0.019637	3637.5
0.020034	3623.
0.020438	3606.8
0.020851	3588.8
0.021272	3569.1
0.021702	3547.7
0.022141	3524.6
0.022588	3499.7
0.023044	3473.1
0.02351	3444.8
0.023985	3414.8
0.024469	3383.2
0.024964	3350.1
0.025468	3315.3
0.025982	3279.1
0.026507	3241.4
0.027043	3202.3
0.027589	3162.
0.028146	3120.3
0.028715	3077.6
0.029295	3033.7
0.029887	2988.9
0.03049	2943.3
0.031106	2896.8
0.031735	2849.7
0.032376	2802.1
0.03303	2754.1
0.033697	2705.8
0.034378	2657.4
0.035072	2609.
0.035781	2560.6
0.036504	2512.6
0.037241	2464.8
0.037993	2417.3
0.038761	2370.1
0.039544	2323.5
0.040343	2277.9
0.041158	2233.3
0.041989	2189.8
0.042838	2147.7
0.043703	2106.9
0.044586	2067.5
0.045486	2029.6
0.046405	1993.3
0.047343	1958.4
0.048299	1925.1
0.049275	1893.3
0.05027	1862.8
0.051286	1833.6
0.052322	1805.7
0.053379	1778.8
0.054457	1753.
0.055557	1728.1
0.05668	1703.9
0.057825	1680.1
0.058993	1657.5
0.060184	1636.2
0.0614	1614.9
0.062641	1592.9
0.063906	1570.4
0.065197	1547.5
0.066514	1524.2
0.067858	1500.
0.069229	1474.5
0.070627	1447.7
0.072054	1419.3
0.07351	1389.2
0.074994	1357.5
0.076509	1324.1
0.078055	1289.1
0.079632	1252.7
0.081241	1215.1
0.082882	1176.7
0.084556	1137.8
0.086264	1098.8
0.088007	1059.9
0.089785	1021.6
0.091598	984.21
0.093449	947.99
0.095337	913.27
0.097263	880.32
0.099227	849.39
0.10123	820.7
0.10328	794.39
0.10536	770.56
0.10749	749.21
0.10966	730.24
0.11188	713.45
0.11414	698.56
0.11644	685.2
0.1188	672.93
0.1212	661.27
0.12365	649.68
0.12614	637.66
0.12869	624.71
0.13129	610.42
0.13394	594.54
0.13665	576.97
0.13941	557.84
0.14223	537.42
0.1451	516.12
0.14803	494.41
0.15102	472.77
0.15407	451.68
0.15718	431.62
0.16036	413.03
0.1636	396.29
0.1669	381.65
0.17028	369.14
0.17371	358.54
0.17722	349.48
0.1808	341.43
0.18446	333.89
0.18818	326.35
0.19198	318.37
0.19586	309.58
0.19982	299.76
0.20386	288.86
0.20797	277.12
0.21218	264.94
0.21646	252.81
0.22083	241.21
0.2253	230.53
0.22985	221.07
0.23449	212.91
0.23923	205.96
0.24406	199.93
0.24899	194.38
0.25402	188.89
0.25915	183.11
0.26439	176.86
0.26973	170.07
0.27518	162.93
0.28074	155.72
0.28641	148.76
0.29219	142.37
0.2981	136.67
0.30412	131.66
0.31026	127.17
0.31653	122.97
0.32292	118.8
0.32945	114.48
0.3361	109.97
0.34289	105.34
0.34982	100.78
0.35689	96.487
0.36409	92.543
0.37145	88.968
0.37895	85.655
0.38661	82.481
0.39442	79.33
0.40239	76.136
0.41052	72.952
0.41881	69.854
0.42727	66.926
0.4359	64.212
0.44471	61.664
0.45369	59.226
0.46286	56.842
0.47221	54.485
0.48174	52.191
0.49148	49.991
0.50141	47.907
0.51153	45.937
0.52187	44.047
0.53241	42.214
0.54317	40.435
0.55414	38.718
0.56533	37.076
0.57675	35.514
0.5884	34.016
0.60029	32.574
0.61242	31.184
0.62479	29.847
0.63741	28.567
0.65029	27.343
0.66342	26.17
0.67683	25.043
0.6905	23.962
0.70445	22.924
0.71868	21.929
0.7332	20.974
0.74801	20.058
0.76312	19.181
0.77854	18.34
0.79426	17.534
0.81031	16.761
0.82668	16.022
0.84338	15.314
0.86041	14.635
0.8778	13.986
0.89553	13.364
0.91362	12.769
0.93208	12.199
0.95091	11.654
0.97011	11.132
0.98971	10.633
1.0097	10.155
1.0301	9.6973
1.0509	9.2597
1.0721	8.8411
1.0938	8.4407
1.1159	8.0577
1.1384	7.6915
1.1614	7.3413
1.1849	7.0064
1.2088	6.6863
1.2333	6.3803
1.2582	6.0878
1.2836	5.8083
1.3095	5.5412
1.336	5.286
1.363	5.0421
1.3905	4.8092
1.4186	4.5866
1.4472	4.3741
1.4765	4.1711
1.5063	3.9772
1.5367	3.792
1.5678	3.6152
1.5994	3.4465
1.6318	3.2853
1.6647	3.1315
1.6984	2.9847
1.7327	2.8445
1.7677	2.7108
1.8034	2.5832
1.8398	2.4614
1.877	2.3452
1.9149	2.2343
1.9536	2.1286
1.993	2.0277
2.0333	1.9315
2.0744	1.8397
2.1163	1.7522
2.159	1.6687
2.2026	1.5891
2.2471	1.5133
2.2925	1.4409
2.3388	1.372
2.3861	1.3062
2.4343	1.2435
2.4835	1.1838
2.5336	1.1269
2.5848	1.0726
2.637	1.0209
2.6903	0.97168
2.7447	0.92475
2.8001	0.88003
2.8567	0.83743
2.9144	0.79685
2.9733	0.75819
3.0333	0.72137
3.0946	0.68631
3.1571	0.65291
3.2209	0.62111
3.286	0.59082
3.3523	0.56198
3.4201	0.53452
3.4892	0.50838
3.5596	0.48349
3.6316	0.4598
3.7049	0.43725
3.7798	0.41578
3.8561	0.39535
3.934	0.3759
4.0135	0.3574
4.0946	0.33978
4.1773	0.32303
4.2617	0.30708
4.3478	0.29191
4.4356	0.27747
4.5252	0.26373
4.6166	0.25067
4.7099	0.23824
4.805	0.22642
4.9021	0.21517
5.0011	0.20447
5.1021	0.1943
5.2052	0.18463
5.3104	0.17543
5.4176	0.16668
5.5271	0.15836
5.6387	0.15045
5.7526	0.14293
5.8689	0.13578
5.9874	0.12898
6.1084	0.12251
6.2318	0.11637
6.3577	0.11053
6.4861	0.10498
6.6171	0.099703
6.7508	0.094688
6.8872	0.089922
7.0263	0.085393
7.1682	0.081088
7.313	0.076998
7.4608	0.073111
7.6115	0.069418
7.7653	0.065909
7.9221	0.062575
8.0822	0.059408
8.2454	0.056398
8.412	0.05354
8.5819	0.050824
8.7553	0.048245
8.9322	0.045794
9.1126	0.043467
9.2967	0.041256
9.4845	0.039157
9.6761	0.037163
9.8716	0.035269
10.071	0.033471
10.274	0.031764
10.482	0.030142
10.694	0.028603
10.91	0.027141
11.13	0.025753
11.355	0.024435
11.584	0.023184
11.818	0.021996
12.057	0.020868
12.301	0.019798
12.549	0.018782
12.803	0.017817
13.061	0.016902
13.325	0.016033
13.594	0.015208
13.869	0.014425
14.149	0.013682
14.435	0.012977
14.727	0.012308
15.024	0.011673
15.328	0.011071
15.637	0.010499
15.953	0.0099568
16.275	0.0094421
16.604	0.0089537
16.94	0.0084904
17.282	0.0080508
17.631	0.0076337
17.987	0.0072381
18.351	0.0068627
18.721	0.0065067
19.099	0.0061689
19.485	0.0058485
19.879	0.0055446
20.28	0.0052564
20.69	0.004983
21.108	0.0047237
21.535	0.0044778
21.97	0.0042445
22.413	0.0040233
22.866	0.0038136
23.328	0.0036146
23.799	0.003426
24.28	0.0032471
24.771	0.0030775
25.271	0.0029166
25.782	0.0027641
26.302	0.0026195
26.834	0.0024824
27.376	0.0023525
27.929	0.0022292
28.493	0.0021124
29.069	0.0020016
29.656	0.0018967
30.255	0.0017971
30.866	0.0017028
31.49	0.0016133
32.126	0.0015285
32.775	0.0014482
33.437	0.001372
34.112	0.0012998
34.801	0.0012314
35.504	0.0011665
36.222	0.0011051
36.953	0.0010468
37.7	0.0009916
38.462	0.00093928
39.239	0.0008897
40.031	0.00084272
40.84	0.0007982
41.665	0.00075601
42.507	0.00071603
43.365	0.00067815
44.241	0.00064226
45.135	0.00060825
46.047	0.00057603
46.977	0.00054551
47.926	0.00051658
48.894	0.00048918
49.882	0.00046322
50.89	0.00043863
51.918	0.00041533
52.966	0.00039326
54.036	0.00037236
55.128	0.00035255
56.242	0.00033379
57.378	0.00031602
58.537	0.00029919
59.72	0.00028325
60.926	0.00026815
62.157	0.00025385
63.412	0.0002403
64.693	0.00022747
66.	0.00021532
67.334	0.00020382
68.694	0.00019292
70.082	0.0001826
71.497	0.00017283
72.942	0.00016357
74.415	0.00015481
75.918	0.00014651
77.452	0.00013865
79.017	0.00013121
80.613	0.00012417
82.241	0.0001175
83.903	0.00011118
85.598	0.0001052
87.327	0.000099543
89.091	0.000094184
90.891	0.00008911
92.727	0.000084307
94.6	0.00007976
96.511	0.000075455
98.461	0.00007138
100.45	0.000067523
102.48	0.000063872
104.55	0.000060416
106.66	0.000057145
108.82	0.000054048
111.01	0.000051118
113.26	0.000048344
115.54	0.000045719
117.88	0.000043234
120.26	0.000040883
122.69	0.000038658
125.17	0.000036552
127.7	0.00003456
130.28	0.000032674
132.91	0.00003089
135.59	0.000029202
138.33	0.000027604
141.13	0.000026093
143.98	0.000024663
146.89	0.00002331
149.85	0.00002203
152.88	0.000020819
155.97	0.000019674
159.12	0.00001859
162.33	0.000017565
165.61	0.000016595
168.96	0.000015678
172.37	0.000014811
175.85	0.00001399
179.41	0.000013214
183.03	0.00001248
186.73	0.000011786
190.5	0.00001113
194.35	0.00001051
198.28	9.9228e-6
202.28	9.368e-6
206.37	8.8435e-6
210.54	8.3476e-6
214.79	7.8787e-6
219.13	7.4356e-6
223.56	7.0167e-6
228.07	6.6207e-6
232.68	6.2465e-6
237.38	5.8928e-6
242.17	5.5585e-6
247.07	5.2427e-6
252.06	4.9442e-6
257.15	4.6622e-6
262.34	4.3958e-6
267.64	4.1442e-6
273.05	3.9064e-6
278.57	3.6819e-6
284.19	3.4698e-6
289.94	3.2696e-6
295.79	3.0805e-6
301.77	2.9019e-6
307.86	2.7334e-6
314.08	2.5742e-6
320.43	2.4241e-6
326.9	2.2823e-6
333.51	2.1485e-6
340.24	2.0223e-6
347.12	1.9032e-6
354.13	1.7909e-6
361.28	1.685e-6
368.58	1.585e-6
376.03	1.4908e-6
383.62	1.402e-6
391.37	1.3183e-6
399.28	1.2394e-6
407.34	1.165e-6
415.57	1.095e-6
423.97	1.029e-6
432.53	9.668e-7
441.27	9.0825e-7
450.19	8.5314e-7
459.28	8.0125e-7
468.56	7.5242e-7
478.02	7.0648e-7
487.68	6.6325e-7
497.53	6.226e-7
507.58	5.8436e-7
517.84	5.4841e-7
528.3	5.1461e-7
538.97	4.8284e-7
549.86	4.5299e-7
560.97	4.2494e-7
572.3	3.986e-7
583.86	3.7386e-7
595.65	3.5064e-7
607.69	3.2883e-7
619.96	3.0836e-7
632.49	2.8916e-7
645.26	2.7114e-7
658.3	2.5423e-7
671.6	2.3838e-7
685.16	2.235e-7
699.01	2.0955e-7
713.13	1.9648e-7
727.53	1.8422e-7
742.23	1.7272e-7
757.22	1.6195e-7
772.52	1.5185e-7
788.13	1.4238e-7
804.05	1.3351e-7
820.29	1.252e-7
836.86	1.1741e-7
853.77	1.1011e-7
871.01	1.0326e-7
888.61	9.6846e-8
906.56	9.0831e-8
924.88	8.5191e-8
943.56	7.9902e-8
962.62	7.4943e-8
982.07	7.0292e-8
1001.9	6.592999999999998e-8
