    0.10000E-03    0.44689E+03
    0.10202E-03    0.45557E+03
    0.10408E-03    0.46441E+03
    0.10618E-03    0.47343E+03
    0.10833E-03    0.48262E+03
    0.11052E-03    0.49199E+03
    0.11275E-03    0.50154E+03
    0.11503E-03    0.51128E+03
    0.11735E-03    0.52120E+03
    0.11972E-03    0.53132E+03
    0.12214E-03    0.54163E+03
    0.12461E-03    0.55215E+03
    0.12712E-03    0.56286E+03
    0.12969E-03    0.57379E+03
    0.13231E-03    0.58492E+03
    0.13499E-03    0.59627E+03
    0.13771E-03    0.60785E+03
    0.14049E-03    0.61964E+03
    0.14333E-03    0.63167E+03
    0.14623E-03    0.64392E+03
    0.14918E-03    0.65642E+03
    0.15220E-03    0.66915E+03
    0.15527E-03    0.68214E+03
    0.15841E-03    0.69537E+03
    0.16161E-03    0.70886E+03
    0.16487E-03    0.72261E+03
    0.16820E-03    0.73663E+03
    0.17160E-03    0.75092E+03
    0.17507E-03    0.76549E+03
    0.17860E-03    0.78033E+03
    0.18221E-03    0.79547E+03
    0.18589E-03    0.81089E+03
    0.18965E-03    0.82662E+03
    0.19348E-03    0.84264E+03
    0.19739E-03    0.85898E+03
    0.20138E-03    0.87564E+03
    0.20544E-03    0.89261E+03
    0.20959E-03    0.90991E+03
    0.21383E-03    0.92755E+03
    0.21815E-03    0.94553E+03
    0.22255E-03    0.96385E+03
    0.22705E-03    0.98253E+03
    0.23164E-03    0.10016E+04
    0.23632E-03    0.10210E+04
    0.24109E-03    0.10407E+04
    0.24596E-03    0.10609E+04
    0.25093E-03    0.10815E+04
    0.25600E-03    0.11024E+04
    0.26117E-03    0.11237E+04
    0.26645E-03    0.11455E+04
    0.27183E-03    0.11677E+04
    0.27732E-03    0.11903E+04
    0.28292E-03    0.12133E+04
    0.28864E-03    0.12368E+04
    0.29447E-03    0.12607E+04
    0.30042E-03    0.12851E+04
    0.30649E-03    0.13100E+04
    0.31268E-03    0.13353E+04
    0.31899E-03    0.13611E+04
    0.32544E-03    0.13874E+04
    0.33201E-03    0.14142E+04
    0.33872E-03    0.14416E+04
    0.34556E-03    0.14694E+04
    0.35254E-03    0.14978E+04
    0.35966E-03    0.15267E+04
    0.36693E-03    0.15562E+04
    0.37434E-03    0.15862E+04
    0.38190E-03    0.16169E+04
    0.38962E-03    0.16480E+04
    0.39749E-03    0.16798E+04
    0.40552E-03    0.17122E+04
    0.41371E-03    0.17452E+04
    0.42207E-03    0.17789E+04
    0.43060E-03    0.18131E+04
    0.43929E-03    0.18481E+04
    0.44817E-03    0.18837E+04
    0.45722E-03    0.19199E+04
    0.46646E-03    0.19569E+04
    0.47588E-03    0.19945E+04
    0.48550E-03    0.20328E+04
    0.49530E-03    0.20719E+04
    0.50531E-03    0.21117E+04
    0.51552E-03    0.21523E+04
    0.52593E-03    0.21936E+04
    0.53656E-03    0.22357E+04
    0.54739E-03    0.22786E+04
    0.55845E-03    0.23223E+04
    0.56973E-03    0.23668E+04
    0.58124E-03    0.24121E+04
    0.59299E-03    0.24583E+04
    0.60496E-03    0.25053E+04
    0.61719E-03    0.25533E+04
    0.62965E-03    0.26021E+04
    0.64237E-03    0.26518E+04
    0.65535E-03    0.27024E+04
    0.66859E-03    0.27540E+04
    0.68210E-03    0.28065E+04
    0.69588E-03    0.28600E+04
    0.70993E-03    0.29145E+04
    0.72427E-03    0.29699E+04
    0.73891E-03    0.30264E+04
    0.75383E-03    0.30839E+04
    0.76906E-03    0.31425E+04
    0.78460E-03    0.32022E+04
    0.80045E-03    0.32629E+04
    0.81662E-03    0.33247E+04
    0.83311E-03    0.33877E+04
    0.84994E-03    0.34517E+04
    0.86711E-03    0.35170E+04
    0.88463E-03    0.35834E+04
    0.90250E-03    0.36510E+04
    0.92073E-03    0.37198E+04
    0.93933E-03    0.37899E+04
    0.95831E-03    0.38612E+04
    0.97767E-03    0.39337E+04
    0.99742E-03    0.40076E+04
    0.10176E-02    0.40827E+04
    0.10381E-02    0.41592E+04
    0.10591E-02    0.42370E+04
    0.10805E-02    0.43162E+04
    0.11023E-02    0.43967E+04
    0.11246E-02    0.44787E+04
    0.11473E-02    0.45621E+04
    0.11705E-02    0.46469E+04
    0.11941E-02    0.47332E+04
    0.12182E-02    0.48209E+04
    0.12429E-02    0.49102E+04
    0.12680E-02    0.50009E+04
    0.12936E-02    0.50933E+04
    0.13197E-02    0.51871E+04
    0.13464E-02    0.52826E+04
    0.13736E-02    0.53796E+04
    0.14013E-02    0.54782E+04
    0.14296E-02    0.55785E+04
    0.14585E-02    0.56804E+04
    0.14880E-02    0.57841E+04
    0.15180E-02    0.58894E+04
    0.15487E-02    0.59964E+04
    0.15800E-02    0.61051E+04
    0.16119E-02    0.62156E+04
    0.16445E-02    0.63278E+04
    0.16777E-02    0.64418E+04
    0.17116E-02    0.65576E+04
    0.17462E-02    0.66753E+04
    0.17814E-02    0.67947E+04
    0.18174E-02    0.69160E+04
    0.18541E-02    0.70392E+04
    0.18916E-02    0.71642E+04
    0.19298E-02    0.72911E+04
    0.19688E-02    0.74199E+04
    0.20086E-02    0.75506E+04
    0.20491E-02    0.76833E+04
    0.20905E-02    0.78179E+04
    0.21328E-02    0.79545E+04
    0.21758E-02    0.80930E+04
    0.22198E-02    0.82335E+04
    0.22646E-02    0.83759E+04
    0.23104E-02    0.85204E+04
    0.23571E-02    0.86669E+04
    0.24047E-02    0.88153E+04
    0.24533E-02    0.89658E+04
    0.25028E-02    0.91183E+04
    0.25534E-02    0.92727E+04
    0.26050E-02    0.94293E+04
    0.26576E-02    0.95878E+04
    0.27113E-02    0.97483E+04
    0.27660E-02    0.99109E+04
    0.28219E-02    0.10075E+05
    0.28789E-02    0.10242E+05
    0.29371E-02    0.10411E+05
    0.29964E-02    0.10581E+05
    0.30569E-02    0.10754E+05
    0.31187E-02    0.10929E+05
    0.31817E-02    0.11105E+05
    0.32460E-02    0.11284E+05
    0.33115E-02    0.11464E+05
    0.33784E-02    0.11646E+05
    0.34467E-02    0.11831E+05
    0.35163E-02    0.12017E+05
    0.35874E-02    0.12205E+05
    0.36598E-02    0.12395E+05
    0.37338E-02    0.12587E+05
    0.38092E-02    0.12780E+05
    0.38861E-02    0.12975E+05
    0.39646E-02    0.13172E+05
    0.40447E-02    0.13371E+05
    0.41264E-02    0.13571E+05
    0.42098E-02    0.13773E+05
    0.42948E-02    0.13977E+05
    0.43816E-02    0.14182E+05
    0.44701E-02    0.14388E+05
    0.45604E-02    0.14596E+05
    0.46525E-02    0.14805E+05
    0.47465E-02    0.15016E+05
    0.48424E-02    0.15228E+05
    0.49402E-02    0.15441E+05
    0.50400E-02    0.15655E+05
    0.51419E-02    0.15870E+05
    0.52457E-02    0.16087E+05
    0.53517E-02    0.16304E+05
    0.54598E-02    0.16522E+05
    0.55701E-02    0.16740E+05
    0.56826E-02    0.16960E+05
    0.57974E-02    0.17179E+05
    0.59145E-02    0.17400E+05
    0.60340E-02    0.17621E+05
    0.61559E-02    0.17842E+05
    0.62803E-02    0.18063E+05
    0.64072E-02    0.18284E+05
    0.65366E-02    0.18505E+05
    0.66686E-02    0.18726E+05
    0.68033E-02    0.18946E+05
    0.69408E-02    0.19166E+05
    0.70810E-02    0.19386E+05
    0.72240E-02    0.19604E+05
    0.73700E-02    0.19822E+05
    0.75189E-02    0.20039E+05
    0.76708E-02    0.20254E+05
    0.78257E-02    0.20468E+05
    0.79838E-02    0.20681E+05
    0.81451E-02    0.20891E+05
    0.83096E-02    0.21101E+05
    0.84775E-02    0.21308E+05
    0.86488E-02    0.21512E+05
    0.88235E-02    0.21715E+05
    0.90017E-02    0.21915E+05
    0.91836E-02    0.22112E+05
    0.93691E-02    0.22306E+05
    0.95583E-02    0.22497E+05
    0.97514E-02    0.22684E+05
    0.99484E-02    0.22868E+05
    0.10149E-01    0.23048E+05
    0.10354E-01    0.23224E+05
    0.10564E-01    0.23395E+05
    0.10777E-01    0.23562E+05
    0.10995E-01    0.23725E+05
    0.11217E-01    0.23882E+05
    0.11443E-01    0.24033E+05
    0.11675E-01    0.24180E+05
    0.11910E-01    0.24320E+05
    0.12151E-01    0.24454E+05
    0.12397E-01    0.24582E+05
    0.12647E-01    0.24704E+05
    0.12902E-01    0.24818E+05
    0.13163E-01    0.24926E+05
    0.13429E-01    0.25025E+05
    0.13700E-01    0.25118E+05
    0.13977E-01    0.25202E+05
    0.14259E-01    0.25278E+05
    0.14547E-01    0.25345E+05
    0.14841E-01    0.25404E+05
    0.15141E-01    0.25454E+05
    0.15447E-01    0.25494E+05
    0.15759E-01    0.25525E+05
    0.16077E-01    0.25546E+05
    0.16402E-01    0.25556E+05
    0.16734E-01    0.25557E+05
    0.17072E-01    0.25547E+05
    0.17416E-01    0.25526E+05
    0.17768E-01    0.25494E+05
    0.18127E-01    0.25451E+05
    0.18493E-01    0.25397E+05
    0.18867E-01    0.25331E+05
    0.19248E-01    0.25254E+05
    0.19637E-01    0.25164E+05
    0.20034E-01    0.25063E+05
    0.20438E-01    0.24950E+05
    0.20851E-01    0.24825E+05
    0.21272E-01    0.24688E+05
    0.21702E-01    0.24539E+05
    0.22141E-01    0.24378E+05
    0.22588E-01    0.24205E+05
    0.23044E-01    0.24020E+05
    0.23510E-01    0.23823E+05
    0.23985E-01    0.23615E+05
    0.24469E-01    0.23396E+05
    0.24964E-01    0.23166E+05
    0.25468E-01    0.22925E+05
    0.25982E-01    0.22674E+05
    0.26507E-01    0.22412E+05
    0.27043E-01    0.22141E+05
    0.27589E-01    0.21861E+05
    0.28146E-01    0.21573E+05
    0.28715E-01    0.21276E+05
    0.29295E-01    0.20972E+05
    0.29887E-01    0.20662E+05
    0.30490E-01    0.20345E+05
    0.31106E-01    0.20024E+05
    0.31735E-01    0.19698E+05
    0.32376E-01    0.19368E+05
    0.33030E-01    0.19035E+05
    0.33697E-01    0.18701E+05
    0.34378E-01    0.18366E+05
    0.35072E-01    0.18030E+05
    0.35781E-01    0.17696E+05
    0.36504E-01    0.17363E+05
    0.37241E-01    0.17032E+05
    0.37993E-01    0.16703E+05
    0.38761E-01    0.16376E+05
    0.39544E-01    0.16054E+05
    0.40343E-01    0.15738E+05
    0.41158E-01    0.15430E+05
    0.41989E-01    0.15129E+05
    0.42838E-01    0.14837E+05
    0.43703E-01    0.14555E+05
    0.44586E-01    0.14282E+05
    0.45486E-01    0.14020E+05
    0.46405E-01    0.13769E+05
    0.47343E-01    0.13528E+05
    0.48299E-01    0.13297E+05
    0.49275E-01    0.13077E+05
    0.50270E-01    0.12866E+05
    0.51286E-01    0.12664E+05
    0.52322E-01    0.12471E+05
    0.53379E-01    0.12285E+05
    0.54457E-01    0.12106E+05
    0.55557E-01    0.11934E+05
    0.56680E-01    0.11766E+05
    0.57825E-01    0.11602E+05
    0.58993E-01    0.11446E+05
    0.60184E-01    0.11298E+05
    0.61400E-01    0.11151E+05
    0.62641E-01    0.10999E+05
    0.63906E-01    0.10843E+05
    0.65197E-01    0.10685E+05
    0.66514E-01    0.10523E+05
    0.67858E-01    0.10356E+05
    0.69229E-01    0.10180E+05
    0.70627E-01    0.99941E+04
    0.72054E-01    0.97980E+04
    0.73510E-01    0.95905E+04
    0.74994E-01    0.93711E+04
    0.76509E-01    0.91401E+04
    0.78055E-01    0.88982E+04
    0.79632E-01    0.86467E+04
    0.81241E-01    0.83874E+04
    0.82882E-01    0.81222E+04
    0.84556E-01    0.78536E+04
    0.86264E-01    0.75839E+04
    0.88007E-01    0.73156E+04
    0.89785E-01    0.70511E+04
    0.91598E-01    0.67928E+04
    0.93449E-01    0.65427E+04
    0.95337E-01    0.63029E+04
    0.97263E-01    0.60754E+04
    0.99227E-01    0.58618E+04
    0.10123E+00    0.56637E+04
    0.10328E+00    0.54821E+04
    0.10536E+00    0.53176E+04
    0.10749E+00    0.51701E+04
    0.10966E+00    0.50391E+04
    0.11188E+00    0.49232E+04
    0.11414E+00    0.48204E+04
    0.11644E+00    0.47281E+04
    0.11880E+00    0.46434E+04
    0.12120E+00    0.45628E+04
    0.12365E+00    0.44828E+04
    0.12614E+00    0.43998E+04
    0.12869E+00    0.43104E+04
    0.13129E+00    0.42118E+04
    0.13394E+00    0.41021E+04
    0.13665E+00    0.39809E+04
    0.13941E+00    0.38488E+04
    0.14223E+00    0.37079E+04
    0.14510E+00    0.35609E+04
    0.14803E+00    0.34111E+04
    0.15102E+00    0.32617E+04
    0.15407E+00    0.31162E+04
    0.15718E+00    0.29778E+04
    0.16036E+00    0.28495E+04
    0.16360E+00    0.27340E+04
    0.16690E+00    0.26330E+04
    0.17028E+00    0.25466E+04
    0.17371E+00    0.24735E+04
    0.17722E+00    0.24109E+04
    0.18080E+00    0.23554E+04
    0.18446E+00    0.23033E+04
    0.18818E+00    0.22513E+04
    0.19198E+00    0.21962E+04
    0.19586E+00    0.21356E+04
    0.19982E+00    0.20678E+04
    0.20386E+00    0.19926E+04
    0.20797E+00    0.19116E+04
    0.21218E+00    0.18276E+04
    0.21646E+00    0.17439E+04
    0.22083E+00    0.16639E+04
    0.22530E+00    0.15902E+04
    0.22985E+00    0.15249E+04
    0.23449E+00    0.14686E+04
    0.23923E+00    0.14207E+04
    0.24406E+00    0.13791E+04
    0.24899E+00    0.13408E+04
    0.25402E+00    0.13029E+04
    0.25915E+00    0.12631E+04
    0.26439E+00    0.12199E+04
    0.26973E+00    0.11731E+04
    0.27518E+00    0.11238E+04
    0.28074E+00    0.10741E+04
    0.28641E+00    0.10261E+04
    0.29219E+00    0.98200E+03
    0.29810E+00    0.94267E+03
    0.30412E+00    0.90812E+03
    0.31026E+00    0.87716E+03
    0.31653E+00    0.84815E+03
    0.32292E+00    0.81943E+03
    0.32945E+00    0.78961E+03
    0.33610E+00    0.75852E+03
    0.34289E+00    0.72657E+03
    0.34982E+00    0.69511E+03
    0.35689E+00    0.66549E+03
    0.36409E+00    0.63829E+03
    0.37145E+00    0.61363E+03
    0.37895E+00    0.59078E+03
    0.38661E+00    0.56888E+03
    0.39442E+00    0.54715E+03
    0.40239E+00    0.52512E+03
    0.41052E+00    0.50316E+03
    0.41881E+00    0.48179E+03
    0.42727E+00    0.46160E+03
    0.43590E+00    0.44287E+03
    0.44471E+00    0.42530E+03
    0.45369E+00    0.40849E+03
    0.46286E+00    0.39204E+03
    0.47221E+00    0.37578E+03
    0.48174E+00    0.35996E+03
    0.49148E+00    0.34479E+03
    0.50141E+00    0.33041E+03
    0.51153E+00    0.31682E+03
    0.52187E+00    0.30379E+03
    0.53241E+00    0.29115E+03
    0.54317E+00    0.27888E+03
    0.55414E+00    0.26703E+03
    0.56533E+00    0.25571E+03
    0.57675E+00    0.24493E+03
    0.58840E+00    0.23461E+03
    0.60029E+00    0.22466E+03
    0.61242E+00    0.21507E+03
    0.62479E+00    0.20585E+03
    0.63741E+00    0.19702E+03
    0.65029E+00    0.18858E+03
    0.66342E+00    0.18049E+03
    0.67683E+00    0.17272E+03
    0.69050E+00    0.16526E+03
    0.70445E+00    0.15810E+03
    0.71868E+00    0.15124E+03
    0.73320E+00    0.14465E+03
    0.74801E+00    0.13834E+03
    0.76312E+00    0.13228E+03
    0.77854E+00    0.12648E+03
    0.79426E+00    0.12092E+03
    0.81031E+00    0.11560E+03
    0.82668E+00    0.11050E+03
    0.84338E+00    0.10561E+03
    0.86041E+00    0.10094E+03
    0.87780E+00    0.96457E+02
    0.89553E+00    0.92169E+02
    0.91362E+00    0.88065E+02
    0.93208E+00    0.84135E+02
    0.95091E+00    0.80374E+02
    0.97011E+00    0.76775E+02
    0.98971E+00    0.73330E+02
    0.10097E+01    0.70033E+02
    0.10301E+01    0.66879E+02
    0.10509E+01    0.63861E+02
    0.10721E+01    0.60974E+02
    0.10938E+01    0.58213E+02
    0.11159E+01    0.55571E+02
    0.11384E+01    0.53045E+02
    0.11614E+01    0.50630E+02
    0.11849E+01    0.48321E+02
    0.12088E+01    0.46113E+02
    0.12333E+01    0.44003E+02
    0.12582E+01    0.41986E+02
    0.12836E+01    0.40058E+02
    0.13095E+01    0.38216E+02
    0.13360E+01    0.36456E+02
    0.13630E+01    0.34774E+02
    0.13905E+01    0.33167E+02
    0.14186E+01    0.31632E+02
    0.14472E+01    0.30166E+02
    0.14765E+01    0.28766E+02
    0.15063E+01    0.27429E+02
    0.15367E+01    0.26152E+02
    0.15678E+01    0.24933E+02
    0.15994E+01    0.23769E+02
    0.16318E+01    0.22658E+02
    0.16647E+01    0.21597E+02
    0.16984E+01    0.20584E+02
    0.17327E+01    0.19618E+02
    0.17677E+01    0.18695E+02
    0.18034E+01    0.17815E+02
    0.18398E+01    0.16975E+02
    0.18770E+01    0.16174E+02
    0.19149E+01    0.15409E+02
    0.19536E+01    0.14680E+02
    0.19930E+01    0.13984E+02
    0.20333E+01    0.13321E+02
    0.20744E+01    0.12688E+02
    0.21163E+01    0.12084E+02
    0.21590E+01    0.11509E+02
    0.22026E+01    0.10960E+02
    0.22471E+01    0.10436E+02
    0.22925E+01    0.99374E+01
    0.23388E+01    0.94618E+01
    0.23861E+01    0.90084E+01
    0.24343E+01    0.85762E+01
    0.24835E+01    0.81643E+01
    0.25336E+01    0.77717E+01
    0.25848E+01    0.73975E+01
    0.26370E+01    0.70410E+01
    0.26903E+01    0.67013E+01
    0.27447E+01    0.63776E+01
    0.28001E+01    0.60692E+01
    0.28567E+01    0.57754E+01
    0.29144E+01    0.54955E+01
    0.29733E+01    0.52289E+01
    0.30333E+01    0.49750E+01
    0.30946E+01    0.47332E+01
    0.31571E+01    0.45028E+01
    0.32209E+01    0.42835E+01
    0.32860E+01    0.40746E+01
    0.33523E+01    0.38757E+01
    0.34201E+01    0.36864E+01
    0.34892E+01    0.35061E+01
    0.35596E+01    0.33345E+01
    0.36316E+01    0.31711E+01
    0.37049E+01    0.30155E+01
    0.37798E+01    0.28675E+01
    0.38561E+01    0.27266E+01
    0.39340E+01    0.25924E+01
    0.40135E+01    0.24648E+01
    0.40946E+01    0.23433E+01
    0.41773E+01    0.22278E+01
    0.42617E+01    0.21178E+01
    0.43478E+01    0.20131E+01
    0.44356E+01    0.19136E+01
    0.45252E+01    0.18189E+01
    0.46166E+01    0.17288E+01
    0.47099E+01    0.16430E+01
    0.48050E+01    0.15615E+01
    0.49021E+01    0.14839E+01
    0.50011E+01    0.14102E+01
    0.51021E+01    0.13400E+01
    0.52052E+01    0.12733E+01
    0.53104E+01    0.12098E+01
    0.54176E+01    0.11495E+01
    0.55271E+01    0.10921E+01
    0.56387E+01    0.10376E+01
    0.57526E+01    0.98570E+00
    0.58689E+01    0.93638E+00
    0.59874E+01    0.88950E+00
    0.61084E+01    0.84493E+00
    0.62318E+01    0.80256E+00
    0.63577E+01    0.76228E+00
    0.64861E+01    0.72400E+00
    0.66171E+01    0.68761E+00
    0.67508E+01    0.65302E+00
    0.68872E+01    0.62015E+00
    0.70263E+01    0.58892E+00
    0.71682E+01    0.55923E+00
    0.73130E+01    0.53102E+00
    0.74608E+01    0.50422E+00
    0.76115E+01    0.47875E+00
    0.77653E+01    0.45455E+00
    0.79221E+01    0.43155E+00
    0.80822E+01    0.40971E+00
    0.82454E+01    0.38895E+00
    0.84120E+01    0.36924E+00
    0.85819E+01    0.35051E+00
    0.87553E+01    0.33272E+00
    0.89322E+01    0.31582E+00
    0.91126E+01    0.29977E+00
    0.92967E+01    0.28453E+00
    0.94845E+01    0.27005E+00
    0.96761E+01    0.25630E+00
    0.98716E+01    0.24324E+00
    0.10071E+02    0.23084E+00
    0.10274E+02    0.21906E+00
    0.10482E+02    0.20788E+00
    0.10694E+02    0.19726E+00
    0.10910E+02    0.18718E+00
    0.11130E+02    0.17760E+00
    0.11355E+02    0.16852E+00
    0.11584E+02    0.15989E+00
    0.11818E+02    0.15170E+00
    0.12057E+02    0.14392E+00
    0.12301E+02    0.13654E+00
    0.12549E+02    0.12953E+00
    0.12803E+02    0.12288E+00
    0.13061E+02    0.11656E+00
    0.13325E+02    0.11057E+00
    0.13594E+02    0.10488E+00
    0.13869E+02    0.99484E-01
    0.14149E+02    0.94361E-01
    0.14435E+02    0.89499E-01
    0.14727E+02    0.84885E-01
    0.15024E+02    0.80506E-01
    0.15328E+02    0.76351E-01
    0.15637E+02    0.72408E-01
    0.15953E+02    0.68667E-01
    0.16275E+02    0.65117E-01
    0.16604E+02    0.61749E-01
    0.16940E+02    0.58554E-01
    0.17282E+02    0.55522E-01
    0.17631E+02    0.52646E-01
    0.17987E+02    0.49917E-01
    0.18351E+02    0.47329E-01
    0.18721E+02    0.44873E-01
    0.19099E+02    0.42544E-01
    0.19485E+02    0.40334E-01
    0.19879E+02    0.38239E-01
    0.20280E+02    0.36251E-01
    0.20690E+02    0.34365E-01
    0.21108E+02    0.32577E-01
    0.21535E+02    0.30881E-01
    0.21970E+02    0.29272E-01
    0.22413E+02    0.27747E-01
    0.22866E+02    0.26300E-01
    0.23328E+02    0.24928E-01
    0.23799E+02    0.23627E-01
    0.24280E+02    0.22393E-01
    0.24771E+02    0.21224E-01
    0.25271E+02    0.20114E-01
    0.25782E+02    0.19063E-01
    0.26302E+02    0.18065E-01
    0.26834E+02    0.17120E-01
    0.27376E+02    0.16224E-01
    0.27929E+02    0.15374E-01
    0.28493E+02    0.14568E-01
    0.29069E+02    0.13804E-01
    0.29656E+02    0.13080E-01
    0.30255E+02    0.12394E-01
    0.30866E+02    0.11743E-01
    0.31490E+02    0.11126E-01
    0.32126E+02    0.10541E-01
    0.32775E+02    0.99871E-02
    0.33437E+02    0.94618E-02
    0.34112E+02    0.89639E-02
    0.34801E+02    0.84920E-02
    0.35504E+02    0.80447E-02
    0.36222E+02    0.76208E-02
    0.36953E+02    0.72191E-02
    0.37700E+02    0.68383E-02
    0.38462E+02    0.64775E-02
    0.39239E+02    0.61356E-02
    0.40031E+02    0.58116E-02
    0.40840E+02    0.55045E-02
    0.41665E+02    0.52136E-02
    0.42507E+02    0.49379E-02
    0.43365E+02    0.46766E-02
    0.44241E+02    0.44291E-02
    0.45135E+02    0.41946E-02
    0.46047E+02    0.39724E-02
    0.46977E+02    0.37619E-02
    0.47926E+02    0.35624E-02
    0.48894E+02    0.33734E-02
    0.49882E+02    0.31944E-02
    0.50890E+02    0.30248E-02
    0.51918E+02    0.28641E-02
    0.52966E+02    0.27119E-02
    0.54036E+02    0.25677E-02
    0.55128E+02    0.24312E-02
    0.56242E+02    0.23018E-02
    0.57378E+02    0.21792E-02
    0.58537E+02    0.20632E-02
    0.59720E+02    0.19532E-02
    0.60926E+02    0.18491E-02
    0.62157E+02    0.17505E-02
    0.63412E+02    0.16570E-02
    0.64693E+02    0.15686E-02
    0.66000E+02    0.14848E-02
    0.67334E+02    0.14054E-02
    0.68694E+02    0.13303E-02
    0.70082E+02    0.12591E-02
    0.71497E+02    0.11917E-02
    0.72942E+02    0.11279E-02
    0.74415E+02    0.10675E-02
    0.75918E+02    0.10102E-02
    0.77452E+02    0.95605E-03
    0.79017E+02    0.90474E-03
    0.80613E+02    0.85616E-03
    0.82241E+02    0.81017E-03
    0.83903E+02    0.76661E-03
    0.85598E+02    0.72538E-03
    0.87327E+02    0.68634E-03
    0.89091E+02    0.64939E-03
    0.90891E+02    0.61440E-03
    0.92727E+02    0.58127E-03
    0.94600E+02    0.54992E-03
    0.96511E+02    0.52023E-03
    0.98461E+02    0.49213E-03
    0.10045E+03    0.46553E-03
    0.10248E+03    0.44035E-03
    0.10455E+03    0.41652E-03
    0.10666E+03    0.39396E-03
    0.10882E+03    0.37261E-03
    0.11101E+03    0.35240E-03
    0.11326E+03    0.33327E-03
    0.11554E+03    0.31517E-03
    0.11788E+03    0.29804E-03
    0.12026E+03    0.28183E-03
    0.12269E+03    0.26648E-03
    0.12517E+03    0.25196E-03
    0.12770E+03    0.23822E-03
    0.13028E+03    0.22522E-03
    0.13291E+03    0.21292E-03
    0.13559E+03    0.20128E-03
    0.13833E+03    0.19026E-03
    0.14113E+03    0.17984E-03
    0.14398E+03    0.16998E-03
    0.14689E+03    0.16065E-03
    0.14985E+03    0.15183E-03
    0.15288E+03    0.14348E-03
    0.15597E+03    0.13558E-03
    0.15912E+03    0.12811E-03
    0.16233E+03    0.12104E-03
    0.16561E+03    0.11435E-03
    0.16896E+03    0.10803E-03
    0.17237E+03    0.10205E-03
    0.17585E+03    0.96392E-04
    0.17941E+03    0.91043E-04
    0.18303E+03    0.85983E-04
    0.18673E+03    0.81199E-04
    0.19050E+03    0.76675E-04
    0.19435E+03    0.72396E-04
    0.19828E+03    0.68351E-04
    0.20228E+03    0.64527E-04
    0.20637E+03    0.60911E-04
    0.21054E+03    0.57492E-04
    0.21479E+03    0.54260E-04
    0.21913E+03    0.51205E-04
    0.22356E+03    0.48318E-04
    0.22807E+03    0.45588E-04
    0.23268E+03    0.43009E-04
    0.23738E+03    0.40571E-04
    0.24217E+03    0.38267E-04
    0.24707E+03    0.36090E-04
    0.25206E+03    0.34034E-04
    0.25715E+03    0.32090E-04
    0.26234E+03    0.30254E-04
    0.26764E+03    0.28520E-04
    0.27305E+03    0.26882E-04
    0.27857E+03    0.25334E-04
    0.28419E+03    0.23873E-04
    0.28994E+03    0.22493E-04
    0.29579E+03    0.21190E-04
    0.30177E+03    0.19960E-04
    0.30786E+03    0.18799E-04
    0.31408E+03    0.17703E-04
    0.32043E+03    0.16668E-04
    0.32690E+03    0.15691E-04
    0.33351E+03    0.14770E-04
    0.34024E+03    0.13901E-04
    0.34712E+03    0.13081E-04
    0.35413E+03    0.12307E-04
    0.36128E+03    0.11577E-04
    0.36858E+03    0.10889E-04
    0.37603E+03    0.10241E-04
    0.38362E+03    0.96292E-05
    0.39137E+03    0.90529E-05
    0.39928E+03    0.85097E-05
    0.40734E+03    0.79978E-05
    0.41557E+03    0.75156E-05
    0.42397E+03    0.70614E-05
    0.43253E+03    0.66336E-05
    0.44127E+03    0.62307E-05
    0.45019E+03    0.58515E-05
    0.45928E+03    0.54946E-05
    0.46856E+03    0.51587E-05
    0.47802E+03    0.48427E-05
    0.48768E+03    0.45454E-05
    0.49753E+03    0.42658E-05
    0.50758E+03    0.40029E-05
    0.51784E+03    0.37558E-05
    0.52830E+03    0.35234E-05
    0.53897E+03    0.33051E-05
    0.54986E+03    0.31000E-05
    0.56097E+03    0.29073E-05
    0.57230E+03    0.27263E-05
    0.58386E+03    0.25564E-05
    0.59565E+03    0.23968E-05
    0.60769E+03    0.22471E-05
    0.61996E+03    0.21066E-05
    0.63249E+03    0.19748E-05
    0.64526E+03    0.18511E-05
    0.65830E+03    0.17351E-05
    0.67160E+03    0.16263E-05
    0.68516E+03    0.15243E-05
    0.69901E+03    0.14286E-05
    0.71313E+03    0.13390E-05
    0.72753E+03    0.12549E-05
    0.74223E+03    0.11761E-05
    0.75722E+03    0.11023E-05
    0.77252E+03    0.10331E-05
    0.78813E+03    0.96828E-06
    0.80405E+03    0.90753E-06
    0.82029E+03    0.85062E-06
    0.83686E+03    0.79729E-06
    0.85377E+03    0.74732E-06
    0.87101E+03    0.70050E-06
    0.88861E+03    0.65662E-06
    0.90656E+03    0.61550E-06
    0.92488E+03    0.57696E-06
    0.94356E+03    0.54084E-06
    0.96262E+03    0.50699E-06
    0.98207E+03    0.47526E-06
    0.10019E+04    0.44551E-06
